99
5808 5 10 8
44191 4
527 4
296 4.5
593 4.5
318 4.5
480
4886
2762
4993
608
46578
68954
1265
293
539
7128 17 10 6
2502 5
292 4
4979 4
364 2
924 4.5
1584 5
1653 4.5
4886 4
2959 5
4993 2.5
1265 4.5
8368 4
593 2
2617 4.5
296 4
750 4.5
586 2
4973
260
44191
1682
541
5816
4896
1732
1580
527
13348 8 10 7
4886 1
608 5
750 5
8961 0.5
318 4.5
44191 3
48780 4.5
2959 4
8874
111
296
858
74458
778
1653
293
593
58559
14008 25 10 5
8368 0.5
8961 4.5
3052 4
4011 4.5
4025 4.5
2890 3.5
586 3
329 4.5
2502 4.5
145 4.5
4993 5
5816 0.5
2001 4.5
552 4.5
2959 4
8874 4
8665 4
110 4.5
4226 5
802 4.5
2617 4
587 4
780 4.5
3578 4.5
4886 4.5
784
1917
1909
2692
318
4995
3114
1485
6373
1408
19468 5 10 8
165 4
150 5
788 5
780 5
344 5
786
480
466
104
802
349
377
592
588
153
22358 2 10 5
466 2.5
543 2
1282
3033
3418
1278
1376
435
68954
1639
2395
5060
34498 33 10 6
260 5
344 4
2003 4
2028 5
21 3
292 3
2291 1
802 4
1997 4
1954 4
1923 3
1917 5
1573 3
500 3
2355 4
1387 4
1127 5
3578 5
1961 4
480 5
110 4
1610 4
2657 5
296 4
1641 3
527 5
1380 4
541 5
1394 4
1721 5
3176 5
590 5
2959 5
1265
608
780
2671
2762
2115
1682
1584
509
1580
37528 4 10 7
3 2
25 3
653 3
58 5
5
648
780
141
260
608
858
95
6
1073
39618 2 10 9
44191 4.5
4993 4
480
4886
5618
344
2028
8961
364
2
588
8665
39688 30 10 6
6373 1.5
1923 3
30707 3.5
778 4
46578 4
260 1
590 3.5
858 5
1090 3.5
1729 3.5
500 2
296 4.5
165 3
3160 4
4011 4
2762 3
8961 2.5
1732 4
923 4
2023 5
4034 3
912 4.5
2028 3
4226 4
2324 4
4886 4
2671 2.5
70 0.5
2355 3
318 4
4973
1089
6
2959
58
1246
6016
597
2291
1721
42008 4 10 7
293 4
1732 5
3160 3
296 2.5
608
6
858
4973
778
4226
541
6016
2959
2395
43448 9 10 7
457 3
592 3
318 5
590 5
344 2
593 5
153 2
588 5
292 3
380
165
231
434
150
316
349
329
595
296
44078 1 10 5
595 5
185
160
588
316
296
2
339
225
186
317
44428 2 10 9
588 5
235 5
329
553
150
590
316
592
380
595
158
153
44868 2 10 8
2054 4.5
1485 4
1639
953
2699
158
1380
2302
2502
1732
2657
596
46478 15 10 6
318 5
3578 5
497 5
1961 4.5
1246 4.5
1265 5
2657 5
8874 4.5
223 5
2502 5
3175 4.5
4993 5
48780 2.5
95 4.5
8665 4
8961
1721
1285
316
150
380
4973
260
924
5618
47158 12 10 5
150 5
4993 3
377 2.5
410 3.5
588 3.5
924 2.5
3578 4.5
344 3.5
318 5
110 4
260 4.5
590 4.5
1127
2791
19
457
296
648
1690
4995
58559
480
47248 35 10 6
5816 5
1278 5
2324 5
1088 4
68954 4.5
339 4
5995 5
74458 4.5
8368 5
296 5
2321 4
4995 4.5
44191 4
4993 5
5618 5
2657 4
608 5
318 4
2959 4
500 5
3578 4
4886 4.5
4979 5
4973 5
1653 3.5
2023 4.5
593 4.5
919 5
2671 3
3033 3.5
3081 3.5
597 4
595 4.5
910 4
2762 4.5
236
920
260
4896
2005
858
46578
1968
8961
2502
53968 3 10 7
344 3
1580 4
500 2
858
364
2762
153
260
648
480
595
231
588
54058 9 10 6
1266 4.5
296 5
318 5
2959 4.5
4226 5
1682 5
68954 5
2762 5
593 4.5
1721
2692
527
45722
1653
196
4886
8961
4973
260
56358 10 10 6
783 4
653 4
25 5
1073 5
112 4
6 3
141 4
494 4
5 4
832 5
17
786
628
780
3
95
62
788
648
708
57558 5 10 8
165 1
111 5
380 3
296 4
58 5
153
509
527
592
339
318
595
150
25
265
60058 22 10 7
1610 3
296 5
2959 1
1213 5
1387 5
150 3
260 3
1923 4
236 4
2762 5
924 4
25 5
16 3
648 4
3052 5
1732 5
2671 5
1584 4
1682 3
300 5
858 5
1090 5
593
4011
1961
318
832
802
1266
608
111
1396
63868 3 10 9
5618 4
1653 3
750 3.5
4011
6016
2302
58
2395
111
16
1213
1089
1732
64258 1 10 7
2000 5
527
1610
2355
745
1673
593
1641
2028
2001
150
65368 4 10 5
780 4
110 2.5
3578 5
329 4
44191
6934
5816
4896
4995
8368
40815
318
260
4993
65888 14 10 7
509 4
172 2
1250 3.5
235 4
551 5
260 5
2291 5
4973 5
910 5
2355 4
508 1
480 2
4979 5
3578 3
919
527
8961
3114
912
364
223
2011
1285
1653
66048 15 10 8
4896 5
8874 4.5
923 5
40815 5
74458 3.5
293 5
5995 5
4979 5
3160 5
1246 4
1732 5
2671 3
318 4
111 3.5
58559 4
8368
920
30707
527
260
4011
2321
68954
4993
1265
70908 13 10 7
1213 4
318 3.5
858 4
293 3.5
912 4
903 4.5
1089 4
4226 4
1252 4.5
593 4.5
111 4
4973 4.5
5995 3.5
5816
58559
296
750
4896
1732
2959
541
1909
1265
72218 22 10 5
2324 3.5
4896 5
40815 4.5
8368 5
58559 1
2028 2
3578 1.5
1393 3
2502 4
780 4
68954 0.5
527 1
1645 4
1917 2
4025 4
2762 2
4993 1.5
1639 3.5
4886 4
2671 4
110 5
6373 3.5
1580
1584
17
8665
5816
8961
318
4995
296
3052
73348 4 10 9
953 4
2502 5
596 2.5
11 3.5
4995
1393
158
2012
1246
653
466
1380
2054
186
74978 21 10 7
350 5
457 5
553 3
349 5
440 5
466 4
592 4
253 2
596 5
597 5
527 2
586 3
543 3
165 5
380 5
377 5
231 2
435 2
225 4
590 4
344 2
595
454
594
442
329
296
410
480
150
153
75498 42 10 7
2115 4
1374 4
3418 2
1610 4
2006 4
924 3
3578 4
858 5
1387 5
1376 4
1370 4
648 3
2019 4
21 3
3527 3
160 2
1092 4
3175 4
480 3
2699 3
2692 3
1954 4
457 5
2701 3
1573 4
260 5
1408 4
110 4
903 5
913 5
1722 4
377 4
2395 2
1732 4
1909 4
350 3
1127 4
112 4
1645 3
2640 4
1252 5
2001 4
6
163
592
223
349
1580
145
2028
2959
541
76678 1 10 8
173 2.5
2011
2502
953
1380
2054
2692
1485
2012
2657
158
87778 7 10 9
2959 5
4973 5
2324 5
4995 4.5
30707 4.5
527 5
5618 4.5
2028
2019
296
1961
2502
318
6016
2791
110
858
89608 10 10 7
8874 4.5
1358 4.5
17 3
58559 4
16 3.5
2791 4.5
111 4.5
778 4
46578 4
903 3.5
1732
2502
593
4979
44191
923
1265
68954
6016
8961
97238 2 10 8
648 3
141 3
802
1073
494
786
104
805
260
6
780
95
98238 14 10 6
266 5
110 5
186 3
595 3
231 3
296 4
150 4
590 4
434 4
344 4
349 4
161 5
225 4
329 3
410
317
380
339
435
588
185
11
19
165
107848 1 10 6
924 4
1387
2701
1580
1247
2355
3176
1380
3101
480
3160
110038 1 10 7
4025 3
2959
1917
1246
1485
2617
2011
4886
1544
466
923
113198 10 10 9
1387 2
2028 5
594 3
1278 3
648 2
318 5
5060 5
260 3
913 5
2791 1
527
457
1252
912
903
1247
293
1265
1394
296
114728 16 10 8
19 3
68954 3
1544 3.5
924 4
2011 4
1265 3
6016 2
253 0.5
344 3
2657 5
1485 3
2 3.5
2470 3
1580 3
2355 3
1682 3
480
260
1722
3033
551
3114
2291
2012
8961
588
114988 18 10 6
3578 3.5
2959 4.5
377 2.5
163 2.5
858 4
58559 3
6 3.5
1645 4
380 3
780 2.5
1682 4
45722 4
48780 4
16 4
2762 3
480 0.5
296 4
592 0.5
4995
318
6016
74458
1721
593
44191
6934
912
590
115438 7 10 9
596 2.5
2791 3.5
2324 4.5
4034 4
150 3.5
4226 5
1485 3
380
3176
593
318
588
2291
2006
3578
2692
2001
117588 8 10 9
2005 2.5
920 5
2699 3
2890 4
8665 2.5
5618 4.5
1265 2
223 2.5
4973
745
588
3114
1732
296
1252
1997
4995
342
117838 1 10 7
457 4
2028
1923
318
527
923
858
1089
110
608
260
126638 5 10 8
185 3.5
1961 3.5
1573 4
2395 4
3418 4
292
337
2321
1250
2012
1777
3527
913
2640
1376
127328 3 10 9
2692 4
3176 5
2291 3
3081
858
223
3175
2959
3578
2699
527
2762
1127
131488 14 10 5
3578 5
2268 3
1584 3
380 2
318 4
1377 1
1673 3
2028 3
3418 4
3176 4
1391 2
1358 3
466 3
337 3
2395
260
648
4034
110
527
1682
1573
2890
1923
131898 10 10 5
924 4
923 4.5
2959 4.5
6016 4
2023 3.5
111 4.5
4973 4
858 4.5
1213 4.5
110 3.5
196
912
2324
1252
593
68954
58559
1732
4011
5618
136608 2 10 8
4973 3
318 5
527
2959
4226
593
58559
6016
912
296
858
3160
137858 5 10 6
74458 4.5
1393 4
4226 3.5
480 3
527 4
5995
68954
46578
4025
3578
4886
4993
593
1923
2959
138838 7 10 6
260 3.5
2324 5
68954 3.5
527 4.5
480 3.5
2762 3.5
5618 5
4993
912
593
318
858
4973
58559
953
4226
2959
139228 42 10 5
1682 4
377 5
8665 5
3176 3
2657 2
1246 5
527 5
25 2
349 4.5
593 4
163 1
586 3
3578 5
1396 5
1393 4
1265 5
805 4
2028 4
2321 2
260 5
165 4
778 2
1127 4
1394 2
594 4
440 4
953 5
480 4
553 4
1610 3
110 5
1923 2
508 3
509 3
2324 5
648 3
3160 4
457 5
1653 4.5
923 4
1358 5
4226 5
4995
919
920
2762
1408
596
541
2268
4993
5995
140038 9 10 6
344 1
292 3
434 3
253 4
165 3
150 4
592 3
457 3
153 4
231
161
318
296
339
316
349
380
185
329
140588 7 10 8
924 5
593 4.5
2502 4.5
4011 4
1968 5
4034 4
111 5
58559
541
608
293
1089
2959
296
48780
778
1732
144348 12 10 7
1089 5
3578 3
4886 4
858 4
58559 4
778 4.5
593 5
318 4.5
3160 4.5
3114 4.5
4011 4.5
2692 3
1213
111
4226
2028
223
74458
1265
2959
48780
1682
145828 2 10 5
457 3
253 4
165
318
593
292
590
316
296
150
344
231
159678 23 10 6
3578 4.5
1961 4
590 4
68954 4
858 5
2028 4
593 5
2268 4
1089 4
1393 4
293 4
541 4
2959 5
110 4
6016 4
74458 4.5
4011 3.5
527 5
1732 4.5
296 5
1213 4.5
44191 4.5
58559 5
4995
4993
260
2324
4226
48780
2019
2762
8665
318
159708 8 10 6
3176 4
5060 5
2324 1
342 4
2302 4
910 4
11 3
2791 3
708
2395
1641
1394
1259
1278
1265
2890
21
235
160198 3 10 5
1090 0.5
708 3
1374 0.5
2054
1246
1732
553
3160
4973
497
2011
1407
2302
160238 4 10 5
3 3
708 5
95 4
786 4
104
648
141
780
62
783
1073
832
653
628
162718 1 10 9
608 4
593
260
953
4993
1247
4973
1777
3418
1089
2324
165608 1 10 7
593 4.5
296
2395
141
596
1376
44191
858
6373
3033
260
166048 9 10 6
2291 5
1721 3
509 5
593 5
2028 3
17 5
608 5
590 3
1682 5
508
110
527
628
296
62
2268
1393
300
150
170408 2 10 5
1394 3.5
920 4
1917
596
1246
186
1968
1247
593
594
953
168
172218 45 10 6
3101 4
508 4
480 5
442 4
1089 4
2005 5
1265 5
648 4
2657 3
318 5
1610 5
1247 5
1573 3
1584 5
527 5
111 4
1580 4
150 5
296 5
858 5
160 4
593 5
2395 4
349 5
588 5
1374 5
1396 5
2028 5
1544 3
1909 3
350 4
788 4
1092 4
923 4
161 4
778 3
587 4
924 5
1387 5
223 4
541 5
377 4
1653 5
1127 5
260 5
608
329
595
919
1213
1370
16
780
912
3052
176308 29 10 9
1676 3
74458 4
1127 3
6016 4.5
2028 4.5
4034 3.5
4995 4
44191 3.5
2959 3.5
150 3.5
3578 4
45722 3
6 4
1682 3.5
16 3.5
778 4
1653 3.5
293 4
1391 2.5
1584 3
923 3.5
924 3.5
2268 3.5
527 5
5995 4.5
858 4
1213 4
1552 2.5
260 4
48780
58559
2791
1917
1573
780
1732
593
3033
4226
177058 1 10 8
5618 4
858
4226
541
6016
318
2023
2959
923
4973
2003
179178 34 10 7
1917 5
112 3
1391 3
780 5
380 5
172 4
786 5
110 5
2699 4
1370 5
1584 5
288 3
1377 5
1909 4
1552 4
165 4
587 4
1690 4
527 5
593 4
316 4
173 4
457 4
153 4
1676 3
196 4
1544 4
648 4
349 4
1610 5
1722 5
480 5
377 4
1396 4
168
70
2617
466
318
329
2012
1580
1393
1573
184508 59 10 9
2054 2.5
1265 3
8665 4
1573 4.5
231 5
2502 4.5
608 5
30707 5
2959 5
19 4
1073 4
16 4
648 4
780 4
8368 3.5
1584 2
104 4.5
45722 4
2890 4
2000 4
5816 4
74458 4.5
153 3.5
1682 3.5
6016 4
2302 5
551 5
318 5
788 2
4034 5
1580 3
110 5
58559 5
364 5
4995 5
1393 4.5
1923 5
3114 4
3578 5
95 3
4979 1.5
48780 5
2291 2
4886 5
8874 4.5
6934 4
586 3
2006 3.5
2355 3.5
2324 4.5
1407 3.5
500 3.5
1608 3.5
923 3.5
1721 4
1485 5
778 5
4226 3.5
2 4
40815
380
6373
1387
4993
68954
527
1552
1777
1917
184548 13 10 5
1278 5
527 5
4993 4
2028 4
5060 5
1391 5
1090 5
953 5
608 5
912 5
4226 4
858 5
750 5
296
1089
920
4034
1213
919
110
913
3418
318
187668 11 10 7
593 5
318 5
2028 4
40815 5
8961 4.5
1213 3.5
2762 5
480 3.5
527 3
4995 4.5
110 5
44191
4896
260
296
58559
68954
5816
4993
3578
2959
188568 27 10 5
541 2.5
30707 2.5
4034 3.5
4973 3
858 3
5618 2.5
186 2.5
778 2.5
805 2.5
919 2.5
5995 2.5
2321 1.5
2268 3.5
608 3
1247 2.5
953 3.5
2692 3
8961 3.5
1552 3
2001 3.5
912 3.5
3052 3.5
1682 3
1408 3
745 3.5
1089 3
1213 3
2657
1673
903
1777
2762
168
527
2302
111
2006
198898 1 10 9
3 4
17
708
1393
858
802
141
608
260
788
62
199918 7 10 7
4886 3.5
2762 3
1584 2.5
648 3
2115 3.5
1721 2
3578 3
318
8961
150
1610
1265
95
2028
588
4973
377
208238 16 10 9
58559 3
318 0.5
377 4.5
527 0.5
380 5
2617 3.5
1722 3.5
8665 4
2001 3.5
858 1
2000 3.5
1552 3
1573 4
919 3
110 3
44191 5
2959
260
780
165
2011
4993
1954
442
648
74458
211698 1 10 9
442 4.5
1584
1394
16
594
1407
2791
19
435
3578
494
212758 17 10 8
454 4
494 4
377 4
434 4
318 5
597 4
457 4
588 4
185 4
339 3
168 4
586 3
349 3
344 3
231 5
480 4
440 4
593
783
380
266
364
150
110
595
590
539
217188 2 10 5
235 4
1997 5
8874
16
541
48780
1387
111
337
5618
58559
1673
218328 1 10 7
2291 4
19
4993
497
442
1387
1246
920
1584
593
527
218928 4 10 8
1653 4
1721 4
260 3
4993 4
4973
1544
316
784
70
2
293
4226
1645
58559
221878 8 10 6
4034 4
4993 4
380 3
3418 3.5
2617 3
1246 3
1961 3.5
2762 4
778
2001
1641
2291
2012
1676
1391
593
1610
163
226928 3 10 8
44191 4.5
30707 5
46578 4.5
8665
40815
68954
6934
2000
4226
4011
48780
3578
8961
229228 6 10 8
454 3
1732 1
1639 4
3052 4
266 3
2001 4
3081
3578
780
2302
2791
1282
253
1374
3176
3175
232198 9 10 9
858 5
745 4
541 5
4993 2.5
296 4.5
551 4
1252 5
4973 3.5
260 4
4226
318
293
6016
1213
2019
2959
58559
750
5618
238478 11 10 8
1246 4.5
527 5
2762 5
4973 5
2028 5
1997 5
1089 3.5
919 4.5
1073 5
110 4.5
1729 4
4995
1961
265
318
903
593
5995
1265
4993
1641
243668 1 10 6
1732 5
1968
111
1641
2012
223
2395
551
21
2324
1252
247058 57 10 9
3114 4
2302 4
480 5
2617 3
586 4.5
466 4
380 4
2011 5
300 3
19 3
1246 4.5
231 5
236 3
2000 4
223 2
110 3
2012 5
1721 5
6 5
1573 5
3578 3
104 4
1580 3
786 4
1682 5
2762 5
2959 5
1485 5
648 5
141 2
2324 5
318 5
5 2
1213 3
788 4
1923 5
333 5
587 5
95 3
923 2
780 3
527 5
364 2
454 4
2355 4
225 2
1265 5
1393 5
500 3
21 4
2268 4
1089 3
1370 4
2791 5
750 3
1544 4
593 4
2502
784
919
296
165
597
590
802
2028
1961
251028 2 10 9
350 3.5
317 2
594
3578
19
1213
924
508
1968
6934
1584
442
251958 1 10 7
2023 1
110
111
1252
1278
2028
1954
592
527
1246
858
255488 2 10 5
588 4
480 3
586
592
317
110
364
500
527
595
318
440
256478 72 10 6
494 4
185 3
435 4
317 2
466 4
608 5
337 5
316 4
112 2
708 4
628 5
380 5
500 5
3 2
160 2
454 4
300 4
778 2
597 3
25 5
480 3
786 5
592 4
235 3
832 5
329 1
349 4
21 5
253 3
288 3
266 3
19 2
551 2
186 3
539 5
588 3
296 5
165 5
594 3
145 3
333 3
16 3
442 4
587 5
196 4
780 5
2 3
168 2
318 5
231 5
339 4
110 2
543 5
153 4
509 1
590 2
553 1
508 3
527 3
440 4
150 4
344 3
95 3
236 3
377 5
161 5
225 1
595 3
163 3
292 4
6 4
434 3
457
648
104
5
410
350
223
11
172
364
260738 8 10 8
8368 3.5
1380 4
364 4.5
4993 5
4896 4
5816 4
2699 3.5
1278 4
2005
1968
858
40815
1721
2028
296
588
1580
68954
263508 34 10 9
349 3
377 3
457 4
318 4
329 2
337 3
110 4
161 3
160 3
231 2
235 3
316 3
344 2
440 3
593 3
454 3
150 3
434 2
165 3
292 3
296 1
592 3
317 3
95 3
435 2
339 3
480 3
153 3
158 3
186 3
410 3
185 3
173 3
500 3
2
590
253
300
380
595
288
293
588
19
264228 6 10 7
104 5
95 2
708 5
648 4
1391 3
780 5
832
858
1393
788
786
6
784
802
260
628
264948 17 10 6
2012 4
1282 3
2302 5
318 4
454 5
608 2
539 4
3114 3
541 5
919 5
150 4
2011 4
1252 4
912 5
924 4
265 4
1247 5
1127
236
17
910
1265
593
913
923
58
750
268178 2 9 6
527 5
3578 4.5
48780
1213
1610
4226
74458
260
318
2028
5995
268508 7 10 9
3176 4
2762 5
919 5
912 5
2692 5
17 4
924 5
25
1259
2355
3175
3160
2701
260
1732
3578
3081
