50
43 24 10 8
889 8
10620 3
9919 8
14467 5
8795 7
7724 8
33 10
16524 7
339 9
30 8
205 9
790 7
11741 9
13601 8
7311 9
4224 9
11757 3
1292 10
5682 6
8074 5
9756 10
226 5
4898 7
5630 7
2167
6880
356
1887
101
6
6746
1530
1210
2251
98 49 10 6
35849 8
31240 9
36027 2
33352 8
38000 9
339 9
32438 4
35203 4
34618 8
33926 7
32949 10
37779 10
38691 8
79 8
10408 8
32729 9
29803 7
32182 9
33487 7
1691 8
33674 9
34822 8
34382 8
37450 9
2966 9
31798 9
32281 10
33486 9
34134 7
34280 7
34561 9
31964 9
28623 8
34798 9
32901 6
37510 10
3731 7
36098 10
37999 10
30831 9
34497 5
30015 8
34933 8
30484 7
33489 8
33206 9
36882 4
889 9
28825 8
32615
35847
31765
35076
36474
35507
7724
37349
35790
32998
118 11 10 7
2966 6
9253 8
13601 7
356 2
32281 6
431 4
918 5
5081 7
10087 8
849 6
1575 8
4382
23281
820
339
7311
31240
5680
1
14741
6
148 10 10 5
1210 6
1887 10
19815 9
2476 9
199 10
5680 8
6347 5
14741 10
4224 6
853 10
1535
339
2167
120
8074
15051
431
28171
4181
30
263 6 10 8
19 10
5114 10
10165 10
8074 10
5680 10
59 9
578
7724
1887
6880
5681
7817
1535
8525
1575
199
268 21 10 5
2001 9
22297 9
2251 8
23289 9
23283 9
9919 8
10165 8
9756 8
22789 9
9253 9
18153 9
22729 8
18679 9
17895 7
13601 9
21881 9
11771 9
849 9
28223 10
20785 9
5680 9
1887
22199
3588
14813
21995
12355
27899
10162
6746
2993
283 6 10 6
10165 5
34618 6
4224 8
1887 7
2034 5
9756 8
934
1639
226
34798
34382
14741
10620
16742
5680
24765
333 7 10 7
30831 8
33489 5
36038 7
33487 7
34618 7
13601 7
30296 7
6746
28171
33206
29803
31964
30015
28497
22199
23281
15315
458 9 10 9
37999 8
205 8
37510 2
35790 2
387 1
37349 7
37520 3
34134 4
38000 7
33
6
36882
37450
35847
36407
30484
35849
38691
889
523 5 10 6
2904 8
4181 9
1535 9
5680 9
2001 9
4224
2924
2993
1530
7311
1575
5630
101
2476
2167
528 1 10 7
5681 9
356
934
226
1195
2904
79
5680
101
4181
2001
573 1 10 7
2476 8
392
853
33487
249
17895
17513
877
2167
3731
4181
583 2 10 5
889 8
19 9
339
30
10620
10163
18679
13601
790
47
249
9253
658 1 10 9
1535 10
6347
1887
9989
2476
13759
10719
11757
11285
30
10620
668 22 10 8
34618 8
14741 9
37450 10
9989 9
38000 9
33352 10
35062 9
15051 8
22297 9
14813 9
4181 10
32281 10
2167 8
33674 9
356 8
35839 10
9253 9
31765 8
32901 7
10087 9
4224 9
33206 9
36038
15809
35790
37999
34382
27775
10793
36474
28999
34599
743 1 10 6
21881 5
237
1735
11887
30831
6347
16524
11757
28999
8074
15809
853 9 10 5
37450 5
7724 9
3588 8
1 10
877 10
19 9
245 9
1818 7
18679 9
28623
5682
31646
9756
47
16067
28223
14075
790
34599
903 5 10 6
7724 10
1604 8
2236 8
22135 7
11887 10
20785
11757
934
18153
2476
4181
10721
17265
6746
5114
908 1 10 7
34599 8
22729
37450
32998
35120
32281
32182
13601
813
20785
1292
1003 5 10 6
10793 5
31859 7
31798 7
29803 7
28623 7
28999
27775
8425
25013
17895
30296
30123
19815
15809
889
1013 25 10 6
14075 6
20785 7
30015 9
18153 8
10620 8
1575 10
9919 9
20787 7
25013 9
226 7
14345 7
21995 8
13601 9
28497 7
11757 9
1691 8
22297 10
2025 6
33926 8
22199 9
10793 7
8425 8
32615 8
34561 10
28999 8
30123
22319
32729
6880
28121
33352
4224
28223
11111
19815
1298 30 10 8
10087 9
25397 3
101 10
2924 9
31240 8
30831 7
120 6
15583 4
10163 6
30276 6
226 9
21995 8
32438 5
7817 8
32729 6
11759 6
31798 5
59 9
2167 9
31859 6
245 9
11617 7
356 9
22729 7
14741 8
14467 4
10719 7
6347 4
4181 10
28999 7
8074
22297
11111
30015
9989
30296
17895
121
14345
15809
1363 8 10 7
10165 9
7311 9
25013 8
2904 8
4382 8
4181 9
5114 10
2167 8
20583
11771
24833
14813
1575
1535
47
849
30654
28999
1778 3 10 9
19815 9
37349 8
245 10
14741
28121
28171
36882
17265
12445
2966
11887
38000
14513
1793 5 10 7
8425 9
2966 10
7054 9
13759 9
22729 6
3731
4224
2924
11887
17895
12189
21995
8525
4181
18245
1893 2 10 5
37510 8
38000 9
28223
226
2001
387
36474
227
35790
37779
34134
37349
1968 3 10 7
34599 10
16067 6
31240 10
11757
25013
32615
9989
11887
18153
17265
18897
9253
150
1988 2 10 8
9253 10
853 9
2251
6
205
9756
1
889
30
5114
1535
18679
2023 3 10 7
23281 9
11757 9
2001 2
11887
10793
227
15809
5081
9756
11285
226
14813
6880
2083 5 10 5
1535 9
14813 8
5630 9
10165 9
790 10
22789
1639
15809
28223
31240
22199
22319
918
33206
11843
2273 1 10 9
36038 7
34933
35849
34798
24833
35076
59
36027
34497
35507
2251
2383 1 10 7
32729 7
150
31646
25013
32995
12445
934
7724
24833
4181
32438
2463 6 10 7
2476 9
22319 9
16592 8
15085 10
13759 9
11111 10
7054
4181
24765
7724
14467
28171
10620
6880
226
12445
2548 6 10 8
6045 9
30484 7
2167 4
37999 9
877 9
20583 7
38000
25013
3731
32995
2251
37779
2034
853
6594
4224
2748 2 10 9
6746 6
1535 8
23283
934
2251
32281
13601
2167
28171
28223
19815
4898
2873 12 10 7
2476 3
30276 9
226 8
22199 8
11617 8
7724 8
15583 8
28223 9
249 8
4181 10
16592 9
2167 10
9253
2904
5114
1575
9756
11759
934
24833
5681
10620
2918 11 10 8
15037 8
11757 7
9989 10
227 6
18679 8
79 7
1292 8
9756 9
10620 5
2167 9
19315 6
4181
8795
10162
413
813
47
2993
11111
226
30
3028 2 10 6
10620 8
1 7
11771
263
18507
1210
1535
9253
7724
4898
5114
1575
3268 3 10 6
6746 1
32615 9
1575 10
2904
227
849
1535
11111
22319
11757
34240
9756
2001
4328 5 10 7
18679 9
14345 9
4224 9
23281 9
2251 9
2025
790
6594
14813
13601
226
8425
23283
14467
227
4718 4 10 9
121 9
6746 6
35839 10
34599 10
3588
32
34240
5114
199
35849
1535
339
35847
7785
4738 1 10 8
34280 7
5114
35120
32995
849
9756
32281
33489
28825
33206
3588
5753 12 10 6
9919 7
121 9
10163 9
31964 8
6880 7
384 8
5114 8
28121 5
11111 7
1292 9
11617 7
14345 5
22199
269
35120
37349
22297
8074
226
777
2025
10087
5898 1 10 9
30694 6
14741
34933
30276
15051
31240
7311
101
10793
17265
6746
5998 8 10 9
32281 9
30831 7
7311 7
59 5
37999 9
10620 6
36098 7
1535 9
32949
34822
1639
23289
4181
9253
4224
30
849
8525
6423 1 10 7
5114 7
2251
934
6746
1887
2167
7817
4181
5081
9253
3731
7673 3 10 8
9989 8
8769 7
32 9
2167
2966
4224
10793
4181
12355
1530
2476
30
14741
10358 3 10 9
36098 9
23283 8
28223 9
37450
32281
5081
2001
37349
9253
226
35847
22199
11111
10368 2 10 5
1604 10
21 10
28223
6746
32729
23283
877
6114
30654
33486
31964
27899
10843 5 10 5
1535 9
2476 3
1735 5
9253 8
11757 2
431
19
6114
30654
392
30694
8861
33
31964
413
