100
78 40 10 8
329 9
22729 5
33352 6
22199 3
28121 3
32998 7
32542 7
28927 3
26351 4
18679 6
27899 4
25183 4
22687 2
31933 8
1639 1
13405 1
8074 3
34382 3
31043 4
21881 4
32949 5
31405 6
28617 4
570 9
22297 6
31240 4
28223 5
28623 3
28619 2
2025 6
27655 2
19365 5
27775 4
32995 5
32981 1
25397 2
23283 5
31798 4
33486 6
30276 7
23281
267
6573
16608
26243
31964
10711
32182
24765
32729
98 165 10 6
36023 6
32998 9
37259 8
33047 8
21877 8
37396 5
35413 7
33003 8
33731 8
10711 10
6201 7
35860 8
32615 9
37991 10
37675 8
37171 10
31764 8
36456 9
34497 5
36475 9
33433 7
33486 9
32282 9
1691 8
33206 9
32979 8
31405 8
30911 8
10588 9
32827 9
31710 3
11433 8
20899 10
35330 8
30015 8
32526 8
34561 9
34280 7
34822 8
37349 8
31404 8
31953 9
16608 1
35466 9
39597 9
37517 8
38680 9
35851 10
5341 9
34382 8
33255 8
31559 6
34281 9
34383 5
11751 6
34933 8
32281 10
30831 9
37999 10
31933 10
28619 5
31338 5
29803 7
37347 9
30484 7
38297 6
33487 7
32962 7
36316 4
35849 8
36474 8
37799 3
3731 7
35073 8
12477 9
32648 5
38659 9
12365 10
71 7
33674 9
27631 9
36027 2
28391 7
37446 4
34012 7
38000 9
29758 4
15225 8
889 9
31240 9
31765 9
31988 10
37976 9
7674 9
35838 9
36896 9
38329 9
34102 2
9314 6
31478 8
34498 6
35240 9
34618 8
33926 7
31904 4
32981 3
38691 8
38186 9
339 9
34798 9
31798 9
35712 5
35790 9
37450 9
1519 9
28825 8
36098 10
37086 8
31442 7
34964 8
35076 7
73 9
2966 9
35639 6
33836 6
38573 7
79 8
34494 10
28623 8
39026 9
34984 9
5177 8
32182 9
33489 8
35788 9
31043 9
6205 7
32438 4
7724 9
36296 9
38397 6
33502 8
32949 10
34134 7
32189 9
34104 6
31339 6
37779 10
37786 8
35847 9
31636 8
36882 4
32901 6
33352 8
33203 4
36266 7
32542 9
35203 4
35507 8
10408 8
5940 5
31964 9
9367 8
31500 8
35247 10
32686
32729
35994
33089
33028
8557
36632
25537
37510
36124
123 3 10 7
227 10
5680 8
38329 5
35860
5081
33206
38826
7791
10165
57
39195
14741
34822
148 22 10 5
19815 9
552 9
8630 9
272 9
32282 7
2476 9
1210 6
15051 9
4224 6
431 9
6347 5
14741 10
120 9
16417 6
2167 10
22147 7
18671 7
339 10
1535 10
4181 10
1943 10
8074 10
5680
30
2890
853
26
28171
4981
199
1887
134
158 1 10 8
9989 10
14131
15583
10620
5680
11757
16524
7791
10165
4224
10568
258 60 10 5
15085 1
5114 7
8557 7
3702 1
1292 5
3588 5
14131 9
2001 8
66 8
21105 8
6547 6
18679 10
11111 4
5940 5
10490 4
9253 7
7724 7
153 8
1281 5
1 10
145 3
934 8
2966 10
10163 4
15037 4
7593 1
239 10
202 9
13367 4
855 4
30276 9
199 7
12549 2
578 10
2002 3
9941 7
1571 8
17513 2
15809 8
849 7
8795 6
1887 6
18507 8
32995 9
4224 10
16067 5
64 6
7769 2
10396 7
33 9
949 6
440 8
7817 8
4181 4
12445 7
853 9
30 7
16774 7
10165 9
3457 5
10719
47
228
226
5680
1535
11757
721
2167
523
263 16 10 6
437 10
10165 10
1887 10
5681 10
199 10
3342 10
19 10
8074 10
585 10
8525 10
486 10
1575 10
7817 10
136 10
2104 10
4063 10
578
2418
6880
1535
5680
5114
59
7724
2164
7791
288 4 10 7
35849 5
849 8
3287 1
34599 10
35838
37349
19815
36266
2001
5680
934
28223
1281
16742
313 1 10 9
38145 7
37965
36407
37520
39198
37426
39026
34134
39533
39326
36896
333 27 10 6
30015 8
30831 8
33487 7
28297 7
13601 7
13161 7
31404 5
36296 8
31964 8
30544 6
29803 7
31442 5
13367 2
32262 7
32282 7
22199 4
28497 5
28171 9
23281 3
15315 7
33489 5
33206 6
32542 6
37210 5
20853 8
30296 7
4999 4
32093
36038
6746
32648
34618
35788
14833
24439
33731
31636
448 8 10 7
38680 9
35849 4
35062 8
32648 3
34933 5
2167 10
31240 10
35851 4
19
31646
37965
36946
31904
38145
38000
37510
153
37451
468 22 10 7
34497 1
32542 3
35466 7
33836 7
32189 6
33433 4
35076 3
31338 3
33028 7
35712 3
35788 5
31240 6
31404 1
32282 5
34984 9
32686 1
31636 6
34933 10
35507 3
32438 8
32901 3
34561 8
35860
33731
33487
36038
32262
33337
32949
35203
33203
35413
478 2 10 5
31043 3
36474 3
19815
28907
36882
820
11757
30276
33433
38940
21881
31240
498 8 10 9
1604 5
22789 6
38826 10
23289 10
37259 5
37171 10
35839 6
36038 8
39026
34494
8675
12883
38759
23277
33731
25835
32935
34618
523 11 10 8
5630 9
4654 8
3297 10
4744 7
101 8
1530 10
8675 8
1575 9
477 8
2924 9
5680 9
2167
7311
2904
2993
3299
1535
4181
4224
2001
2476
573 8 10 6
12461 10
2167 5
17895 4
853 6
877 10
6895 6
3092 9
322 4
3731
33487
2476
6811
529
17513
249
392
145
4181
583 12 10 5
9253 9
4981 9
249 8
1571 8
400 8
18679 9
889 8
16664 9
97 9
12413 6
202 8
339 8
329
13601
19
2246
790
30
10163
47
143
10620
593 3 10 6
36649 9
20853 9
11887 9
10721
97
37517
32979
37435
272
37976
339
877
37786
598 28 10 7
6594 9
31636 6
13759 10
30831 8
4177 8
339 8
27787 5
227 6
11111 5
23289 8
226 3
32526 5
5682 6
22297 6
28701 5
3297 10
25519 9
22147 4
18679 5
32281 8
31442 5
2001 10
26 7
10721 10
25835 10
24439 5
8074 10
387 10
2034
11741
37450
169
31904
8525
5678
477
15051
31043
633 18 10 6
123 7
7724 9
50 7
134 9
3457 7
101 8
1571 9
267 10
2025 10
2593 9
1818 9
11111 3
122 9
1536 6
68 8
150 10
61 8
478 3
60
272
1519
856
243
198
1691
97
2002
8086
653 28 10 6
38483 9
36632 7
889 9
21877 9
4744 7
9587 6
39026 9
38000 10
38297 7
37744 3
30296 8
38691 10
35849 10
39326 7
1887 10
6347 9
37347 10
4186 9
38759 10
38572 8
34798 10
20787 8
36296 8
15809 8
38397 7
1519 9
36407 5
8630 7
38573
35203
12293
36882
35790
10711
37086
4224
28623
9919
658 3 10 8
11757 10
11285 3
10719 8
9379
1535
10620
1887
6347
30
10110
13759
9989
2476
763 3 10 7
1222 9
6045 10
23283 10
877
202
21995
1
23673
9253
22687
12531
5630
21843
808 14 10 9
7724 8
9919 7
4896 7
202 7
101 9
13599 9
11111 6
6880 6
10396 8
9989 9
27 7
68 9
2025 9
12445 4
27631
36027
16035
9253
25183
7088
6707
4898
28619
31859
1008 2 10 7
36407 6
32093 8
35790
38759
28223
30831
30123
36316
29786
33206
25397
36470
1033 2 10 5
17741 7
30123 8
34822
21995
13759
32729
16067
37450
36470
33489
4224
6045
1078 68 10 7
31904 3
30831 5
2001 9
34561 8
28701 4
37446 2
27387 3
12445 8
35203 1
35849 2
32 10
37517 5
1033 10
3572 8
34104 5
14349 7
10087 7
34497 5
33926 7
94 3
2904 7
37999 9
13601 8
37520 5
22199 4
32615 4
1575 9
2581 6
30544 2
34662 4
25835 9
35240 3
413 1
1535 7
34134 3
35847 6
37786 8
3287 1
20785 1
32686 7
22729 4
1 9
27631 6
33 9
35062 8
1827 8
33337 6
31339 5
33047 7
39533 7
22135 9
30296 7
7311 8
27655 3
4382 3
227 4
28623 5
6675 9
32281 4
31240 3
11757 5
33352 6
11741 8
23281 3
32937 4
20021 3
30 9
36882 1
32981
25537
37426
37976
37435
13405
33433
19815
93
21881
1208 8 10 8
4181 6
2167 7
9989 9
22319 7
2418 9
12477 6
32827 5
849 8
12531
19365
7311
30015
8074
4059
30276
28999
30
31240
1308 1 10 7
28497 7
28999
28623
23283
32949
9760
30276
31240
11843
28805
30205
1363 12 10 5
4382 8
10165 9
1575 8
27989 9
27991 5
7311 9
20583 8
849 8
4181 9
47 7
30654 9
2167 8
2904
11771
18671
28891
5114
14813
1535
28999
24833
25013
1378 3 10 9
11703 6
9919 9
4224 7
23283
28223
14813
28999
14345
32281
15605
4898
13601
18677
1418 42 10 7
32615 4
153 6
35120 3
30296 5
29803 5
34933 3
22687 3
32032 7
35073 4
37210 3
36407 4
32962 4
31240 4
20057 7
38573 4
30831 7
31338 6
1818 4
34497 4
45 5
30307 7
38940 5
20785 5
34599 6
165 10
33206 7
35203 5
38297 5
34561 3
32686 9
37675 3
150 6
30240 5
820 7
33255 7
34134 3
8915 5
12413 5
21843 8
24703 4
17265 5
18677 3
13535
1559
28171
10490
18277
1536
9756
10396
32182
19815
1593 2 10 7
30544 7
30296 8
34382
31500
35860
35073
32438
33003
32262
31904
33487
35839
1663 15 10 8
35076 7
35062 9
28297 8
9253 10
34798 7
36038 7
24833 9
34497 6
29803 8
35839 7
28497 9
31798 7
24765 7
28121 7
11013 6
30015
35860
11887
34618
24439
30654
33486
34599
36027
20785
1778 7 10 9
38940 7
14741 8
19815 9
28171 10
11887 9
30736 10
37349 8
17265
477
21843
36882
38000
245
14513
28121
12445
2966
1793 9 10 7
8525 8
8676 8
13759 9
4059 9
8425 9
3731 7
4181 10
21995 8
7054 9
2924
18245
22729
11887
5341
2966
4224
17895
2129
12189
1848 2 10 8
44 9
35849 9
30694
267
269
34572
32827
38000
35120
34134
6594
34599
1883 3 10 6
34599 4
14967 6
9253 5
25159
4224
34618
34933
18671
7311
11757
12189
34662
11887
1893 8 10 6
38000 9
28223 7
36946 9
32827 9
20899 3
34134 7
37510 8
36896 5
35790
227
37779
35848
37349
387
226
2001
36474
2581
1953 6 10 7
16067 10
37497 10
6802 8
21647 9
34618 10
34798 10
9756
34279
36475
17549
36296
37976
10495
33731
25519
36470
2038 5 10 9
3588 8
2025 9
25183 7
35849 7
15451 8
5682
400
36511
2001
1575
32827
34599
35120
34566
37569
2083 10 10 8
28223 10
790 10
1726 3
17549 9
22789 9
22319 9
10165 9
25183 5
11843 10
33206 9
1639
14813
37171
31240
32648
22199
1535
5630
918
15809
2278 18 10 6
11111 8
8934 6
30831 7
37999 8
1818 7
25519 7
33489 9
18893 7
31338 2
37450 8
4382 8
16524 9
1691 6
31798 6
12445 8
25157 8
34712 5
14741 7
35849
9989
226
28121
18679
30307
21603
9760
21431
6773
2333 2 10 9
32281 8
31765 5
33502
35203
31240
33047
35507
34599
3457
34497
34498
226
2348 4 10 9
121 10
12445 8
31240 10
356 7
33502
430
9989
5114
34240
3588
32438
35076
9756
33486
2413 5 10 7
11433 8
12531 8
1690 9
4789 7
6573 8
14741
14467
12445
5177
4382
12189
150
7647
8915
9289
2463 20 10 8
7054 9
4181 10
147 8
22319 9
16592 8
14467 9
13759 9
2476 9
20031 10
15085 10
11933 10
17549 10
5909 10
14833 9
6880 10
7724 10
10620 10
28171 9
14749 10
24765 8
13535
12445
14199
8915
11111
9289
855
226
228
6895
2548 14 10 9
37779 10
4722 8
30484 7
2167 4
6594 9
38680 8
20583 7
25013 8
4224 10
32995 8
30346 8
2034 8
36456 9
39533 9
38000
6045
3731
37999
877
36563
853
14713
2251
23673
2813 7 10 5
35849 8
34498 4
37786 7
37976 3
34599 9
34541 7
34822 7
35994
36470
4654
34280
249
34382
32729
33352
35839
37450
2908 6 10 5
2167 10
147 7
6880 7
1195 8
27655 7
2924 8
23283
23673
17895
4789
1535
25013
22199
11319
19769
22729
2928 3 10 8
30 10
14349 10
5681 10
37450
35848
37991
32
37510
33489
30831
32182
23289
38000
3023 3 10 6
10793 2
5060 5
17513 1
31043
721
226
9756
15605
7785
1575
4898
22319
239
3088 5 10 6
413 1
35203 6
66 8
32526 7
30831 9
39326
35062
35849
8676
31904
31338
35073
37210
34497
38186
3108 3 10 5
11981 5
33674 8
31933 9
356
20899
33
10087
16774
94
15809
11757
93
32998
3163 1 10 6
1292 8
22319
35120
20899
777
1818
150
36511
205
2251
22199
3258 2 10 8
2593 8
22319 8
9756
4081
21405
11111
11843
34798
9289
16742
9253
22135
3268 4 10 7
9756 7
227 1
2001 7
34240 5
849
1535
6746
11757
2904
14749
1575
32615
11111
22319
3328 24 10 5
22135 10
19 6
226 6
14513 8
16011 6
4177 8
15451 9
6746 2
3358 6
13601 10
2593 8
11771 7
5682 5
15809 9
20689 7
19815 6
934 3
4063 7
25835 7
5081 2
11633 9
136 9
918 10
8086 6
22199
20853
5114
3588
9253
6213
10719
18153
3342
8525
3378 2 10 6
31240 8
32981 3
37517
33352
32615
37999
37675
33206
30654
15809
28121
36632
3453 11 10 6
5114 7
32438 8
16524 7
32281 7
25519 2
4382 8
4224 9
3784 10
15809 6
4181 7
11597 1
9253
28701
11751
2476
27989
18245
30
6547
1575
35247
3548 3 10 5
30 10
1535 10
205 7
4177
32
889
227
949
3655
339
1519
7193
182
3593 6 10 5
235 10
32 9
578 8
4896 9
4081 10
3784 10
19
1829
2890
3002
11241
10793
269
30
934
2759
3608 2 10 9
4224 8
3588 9
36296
1699
20
2167
11757
21
1575
9756
7311
4181
3888 2 10 7
578 8
6956 7
5681
2001
8074
1735
28805
21
33489
7791
6594
6746
3958 2 10 6
9253 10
6802 6
1535
5114
121
98
2001
8425
20
2251
1
5356
4003 3 10 5
820 10
16 8
1210 9
481
934
2164
150
45
4224
7785
10721
21
47
4188 3 10 6
4181 5
5909 4
101 4
1575
5112
133
7791
6956
6512
33
4722
2167
3588
4243 2 10 9
19429 3
19315 3
32
11285
5365
27775
1210
22789
30276
20787
22273
8426
4283 14 10 8
5341 9
4063 7
790 6
2993 7
2966 9
1535 6
25397 7
1818 5
8425 10
28121 9
13161 6
22199 8
5681 9
3287 4
7724
14713
11111
17247
25013
20031
6166
356
10396
14749
4328 14 10 7
6594 8
23283 8
790 6
14345 9
2025 7
226 8
37786 9
20031 9
8425 8
27991 8
16009 7
18679 9
23281 9
24439 9
4224
2251
14467
227
21339
18893
14813
4654
13601
6573
4688 6 10 9
36475 8
34618 8
30484 10
37446 1
34662 6
34104 7
35203
37450
37171
36296
37779
34561
33486
34933
34280
37210
5508 4 10 5
27775 7
30544 4
14713 7
30296 10
25013
31240
14467
31953
25157
31404
28701
18677
15315
14813
5593 2 10 7
27775 6
2966 6
27989
16035
22789
25519
21603
23251
23079
25397
10719
23289
5853 2 10 5
31478 9
30296 4
1575
31338
32998
25687
9989
9756
2904
31964
35849
11751
6293 9 10 9
820 10
25519 7
7311 9
26351 4
1889 7
10620 4
11785 5
2759 7
30187 6
19365
15037
31240
1530
33352
31636
32542
18153
33489
32901
6313 4 10 7
2002 10
35466 10
35849 2
36470 8
34822
35639
33206
33051
31251
31798
27
6594
14833
34279
6378 10 10 9
6746 7
30276 7
5081 8
25013 9
16592 7
11597 8
14741 8
21881 9
18671 7
31765 9
30654
28223
31636
9756
24833
16742
2001
269
9919
17074
6423 7 10 9
4063 8
5114 7
7088 7
6746 9
2251 8
2104 10
4181 7
934
7593
1887
3731
5081
7817
2167
9253
6512
45
6638 1 10 8
19 10
934
150
44
153
245
2251
199
164
1
2966
6688 32 10 5
21431 2
20787 3
14749 4
25013 6
15315 3
21881 4
12355 7
17265 4
31798 4
25519 4
20899 6
23281 3
22729 3
21603 3
3701 8
23283 5
22273 7
849 7
25157 6
2966 7
35849 5
20853 5
35240 7
10162 8
14467 5
2167 5
22297 3
2025 4
28623 4
19815 6
1535 7
1210 8
10721
33003
23309
20785
9919
33
21843
10578
2904
22199
6698 1 10 7
31933 10
384
37991
32182
24833
29803
37779
36563
34134
38000
36296
6828 5 10 8
9756 4
9041 1
31240 3
14813 5
28907 2
6213
30276
4177
15583
18679
10087
20785
21511
33047
29803
7228 1 10 6
578 8
28725
30736
36882
34599
1033
16524
33674
34822
80
37349
7638 2 10 8
32526 4
16067 9
30
227
5114
1639
27899
24765
28297
21995
22789
18507
7673 12 10 8
14741 8
18857 8
12355 10
32 9
1530 9
134 9
8769 7
4181 10
9989 8
4654 7
10793 8
13333 8
477
4224
2476
2167
12477
30
10495
6547
2129
2966
7678 1 10 9
820 10
2966
477
3702
245
1530
1559
263
3002
3297
3701
8003 1 10 8
10620 8
121
5114
6880
1818
570
395
16774
199
1
384
8153 2 10 6
16592 5
14467 8
15051
4224
4744
17729
8769
17895
10719
21603
14813
13759
8703 3 10 9
11111 9
17513 9
21995 9
10321
7054
14713
120
15085
15605
3470
23673
3731
853
8798 2 10 9
13655 10
18195 10
2025
6573
1699
6707
6746
8425
11111
4186
853
5114
9193 7 10 7
30736 6
23289 8
18679 9
2034 10
25731 9
28223 10
23283 7
23233
22147
10396
21843
24833
9367
29786
34599
28497
26351
9418 2 10 5
28805 7
37171 7
37517
37349
33731
37779
30831
35062
36563
35847
37976
37259
9858 2 10 6
8277 7
12175 8
12189
9041
2986
4382
5909
8675
8841
8676
9756
7059
10488 2 10 8
23283 8
32729 6
28623
28223
11757
1575
17513
2025
32949
18153
21507
21339
10938 2 10 9
2246 10
7193 5
1519
6
1292
33
2476
777
918
32648
11111
32998
11093 2 10 7
33028 4
37086 3
9253
33489
35849
28223
30831
22199
32189
35076
16592
34933
11528 9 10 6
32281 5
37510 6
36098 5
38297 8
37349 10
34498 7
37497 4
38329 1
47 3
37347
37779
37426
35790
37450
37999
38759
28621
36407
885
12018 1 10 6
18677 8
11771
481
19221
13759
25159
21327
11785
6547
11433
1735
12208 12 10 9
22729 4
36632 2
36266 2
35203 3
3287 1
2476 6
4744 3
5112 2
6166 4
6205 3
35330 10
32981 10
413
23309
27655
34822
37171
35240
11757
18857
13367
37349
17553 3 10 9
36474 8
35790 5
21 9
37259
37675
36456
37451
38573
33012
38297
34572
38186
21877
