5
264228 6 10 10
104 5.0
95 2.0
708 5.0
648 4.0
1391 3.0
780 5.0
832
858
1393
788
786
6
784
802
260
628
117588 8 10 10
2005 2.5
920 5.0
2699 3.0
2890 4.0
8665 2.5
5618 4.5
1265 2.0
223 2.5
4973
745
588
3114
1732
296
1252
1997
4995
342
218928 4 10 10
1653 4.0
1721 4.0
260 3.0
4993 4.0
4973
1544
316
784
70
2
293
4226
1645
58559
63868 3 10 10
5618 4.0
1653 3.0
750 3.5
4011
6016
2302
58
2395
111
16
1213
1089
1732
221878 8 10 10
4034 4.0
4993 4.0
380 3.0
3418 3.5
2617 3.0
1246 3.0
1961 3.5
2762 4.0
778
2001
1641
2291
2012
1676
1391
593
1610
163