100
118 43 10 8
23281 4
31758 7
10087 8
801 6
11597 7
15689 7
3785 4
918 5
31757 8
1 8
9253 8
274 2
2966 6
10863 7
4981 7
3784 6
468 4
14741 4
31240 3
9260 6
820 9
21339 4
35247 7
28701 5
1566 6
26 9
339 9
486 7
5081 7
145 9
134 7
1575 8
2759 8
32268 7
17074 7
32281 6
36999 7
7311 7
11577 6
28025 7
32188 5
431 4
6 6
849
31181
329
523
21855
5341
5680
4382
13601
356
123 4 10 6
35860 6
5081 4
57 5
39539 3
14741
33206
5680
10165
7791
38329
227
39195
38826
34822
158 4 10 7
16397 7
9989 10
10620 9
10165 8
4224
10572
15583
14131
16524
10568
5680
15911
11757
7791
313 14 10 5
31537 5
39063 6
37806 4
38145 7
34134 7
37993 7
37426 8
39326 7
37956 7
39199 6
37520 9
37202 6
37965 9
38993 9
39533
39198
39026
36653
39456
38935
38735
36896
37447
36407
328 5 10 8
36653 7
37347 3
34382 3
37520 7
37779 10
37349
37823
37086
37999
25159
37451
36649
38480
31537
38145
373 1 10 5
32282 8
35248
31229
33337
34350
36214
31339
28391
33573
11759
36904
423 45 10 6
552 4
16762 6
30 9
18153 4
10620 8
11111 3
11757 5
32 7
15583 6
22961 5
3701 10
6880 4
31704 3
457 7
16009 7
30276 7
27727 5
860 6
10397 4
6774 6
14719 6
874 10
323 10
28999 6
4224 2
18001 4
14345 3
19163 4
1575 6
13601 6
5420 8
24705 4
20899 6
16592 7
486 6
21939 6
17651 6
22135 7
339 6
790 9
387 8
1210 1
133 3
11617 5
19815 3
7785
1
31904
26
2164
17821
25013
16742
18679
16157
498 27 10 7
37033 7
23151 10
33731 7
20847 9
8675 9
30727 10
33018 8
35968 9
23277 8
35222 10
32494 8
38619 10
12679 10
36038 8
25835 8
34902 8
38826 10
35839 6
34494 10
34580 8
32948 10
34618 9
22789 6
37964 8
39026 9
23037 6
37171 10
38787
36864
36317
22189
12883
38759
37259
23289
1604
32935
508 2 10 9
322 7
1210 9
585
1222
34984
28891
23673
23283
1562
7054
45
16528
543 14 10 6
36038 8
32093 10
603 8
35540 8
36838 8
31080 7
31564 6
15061 10
30014 6
37999 10
12191 10
34612 10
35828 8
32977 8
33731
35222
35557
32282
28669
33206
33255
34914
32937
35756
573 16 10 7
877 10
4181 8
17513 1
957 9
6895 6
249 6
33487 3
3731 6
145 3
1313 7
6811 3
3092 9
2167 5
1640 1
10079 1
9065 10
853
25649
12461
322
34602
2476
4814
17895
529
392
583 14 10 7
202 8
249 8
30 9
329 9
9253 9
889 8
143 9
1571 8
13601 9
26349 8
12413 6
400 8
16664 9
4981 9
18679
339
19
10620
790
97
890
47
10163
2246
598 35 10 5
169 3
31636 6
962 9
32281 8
25835 10
8525 7
30831 8
5682 6
31904 1
5678 8
31442 5
10721 10
3297 10
22297 6
339 8
6594 9
468 4
24439 5
34973 4
11741 9
14829 7
13759 10
227 6
22147 4
801 10
4177 8
8074 10
32526 5
34445 7
27787 5
477 9
31043 5
387 10
18679 5
15051 6
28701
37450
23289
2001
25519
30895
26
11111
2034
226
693 5 10 9
39701 2
38691 10
39523 4
38408 8
34964 9
35946
37393
39940
39030
37007
38483
38659
39468
39195
39196
853 21 10 8
19 9
1818 7
790 9
5682 7
28623 8
37450 5
14397 9
245 9
3342 7
877 10
31646 8
329 10
60 8
58 6
18679 9
10259 10
7724 9
34599 10
3588 8
28223 9
14075 9
9756
47
2216
277
1
1023
202
16067
33051
198
908 24 10 6
1079 5
813 2
4719 4
35240 6
1292 5
35120 4
13601 4
20785 4
32998 6
35448 2
33371 7
6922 3
22729 4
36124 3
35330 8
513 8
37450 3
2402 3
37569 6
35503 5
32281 6
37578 7
35838 5
338 5
15911
1177
34537
1454
34599
36548
10937
37141
28761
32182
963 3 10 5
849 8
777 9
5678 10
26055
20057
37991
2251
45
21327
30123
120
28725
31933
1023 3 10 6
25183 7
30205 4
28171 9
29803
28819
30307
30123
28423
30240
21507
28907
29786
28297
1133 12 10 7
37171 10
33352 10
36296 10
35760 8
35860 7
34561 10
36043 6
35079 8
35839 10
30485 8
36124 5
36548 10
32827
34798
34280
35062
35073
36027
35120
33674
36038
35180
1198 13 10 6
7647 10
31964 8
37435 8
9989 7
11111 9
32438 7
35834 8
15809 4
34599 5
33337 7
12189 9
36903 6
30831 9
31636
32648
28999
38186
395
11633
4725
5251
9513
30484
1273 19 10 6
8861 5
31964 10
9062 6
16742 9
18857 5
28891 10
9919 9
1535 10
31553 8
34240 9
10067 8
19815 5
5042 7
22319 10
205 9
11111 7
33 10
1 9
853 10
14741
28999
18671
7593
20583
22877
11617
20449
8074
5114
1363 18 10 8
4181 9
1535 8
14813 7
24415 9
21185 8
28891 9
27663 9
849 8
24833 7
4382 8
10165 9
30654 9
11771 8
28999 6
27991 5
27989 9
47 7
2167 8
28977
16894
1575
20583
5114
7472
18671
7311
25013
2904
1558 2 10 7
329 9
16782 8
14513
7465
47
226
11981
14345
777
7785
20057
4985
1638 26 10 9
38328 7
38040 10
4565 10
3785 8
39539 8
38483 10
39030 7
36098 10
18679 10
38610 9
39468 10
38000 10
40004 10
39597 10
37055 10
33352 10
2001 10
35849 9
9756 10
39523 6
38826 8
21659 10
3784 10
38572 8
11981 10
37779 9
37525
38276
37744
37095
38659
38671
37393
38573
39063
36882
1663 26 10 7
34414 9
24765 7
9253 10
34599 8
18139 8
35062 9
11887 9
36027 5
34618 8
28121 7
28297 8
30016 10
20785 6
35079 9
30654 10
30015 10
31798 7
35222 9
28497 9
36838 9
33486 9
35843 7
24439 9
36704 8
35839 7
29803 8
34798
35076
20431
34451
35889
35860
24833
11013
36038
34497
1793 13 10 5
5341 9
8676 8
2129 8
4224 8
4059 9
2927 7
2966 10
12189 9
10012 9
21995 8
18245 10
8425 9
3731 7
17895
7054
8525
4181
2924
22729
14289
13759
6351
11887
1993 5 10 7
10162 8
490 3
14227 6
267 8
1538 6
369
3001
165
4334
3342
8795
1818
26
8129
7785
2153 27 10 8
10568 4
16355 5
3089 7
10465 8
957 2
8424 3
9379 8
16512 5
9919 8
1647 1
15809 9
8915 5
6030 4
9941 10
12413 5
6956 9
7079 4
11227 6
20787 8
10110 7
10357 10
10490 6
14513 8
9367 7
1575 5
845 5
19775 8
11241
167
7590
10456
25731
8917
4066
9331
10049
6880
2178 37 10 7
10465 5
6758 8
6 8
21177 8
25731 10
9750 5
6114 9
4999 7
1602 7
529 7
10568 10
18095 6
174 6
21273 8
26 6
24455 7
23233 6
10456 6
9919 8
1347 7
13759 9
5530 9
12487 7
167 6
161 7
20853 9
14833 8
8086 6
11499 5
28297 9
6682 6
21405 8
29787 8
19769 6
2216 5
469 8
24439 7
6773
3407
24231
17247
1601
30363
25397
11933
30091
25157
2273 23 10 5
36027 2
36548 10
34383 3
35838 10
35507 10
36038 7
35849 3
35222 7
59 5
36516 1
24833 9
35330 3
35076 7
34798 5
36906 9
33255 7
34933 6
34612 10
2251 10
33012 3
35249 8
35413 7
34525 5
36902
35079
37436
36245
36266
21877
34497
34580
31500
35994
2278 27 10 9
37450 8
2787 7
21431 8
14741 7
8934 6
5220 3
18893 7
1818 7
31798 6
9989 7
18679 6
11111 8
21845 7
584 8
37999 8
4382 8
31338 2
16524 9
207 7
21603 8
6974 5
37561 9
30307 6
33489 9
30831 7
25519 7
34712 5
25157
14283
37979
28121
1691
6773
226
9760
35849
12445
2333 7 10 7
32407 5
34599 8
34497 1
226 2
31240 9
33502 9
35203 1
3457
30778
3366
31765
27829
31374
34498
33047
35507
32281
2383 3 10 7
26441 6
15225 4
25013 7
32438
934
31646
32729
32995
7724
150
24833
4181
12445
2873 19 10 8
9756 9
11617 8
1889 9
2904 10
4181 10
226 8
2167 10
7724 8
15583 8
19163 8
2104 9
14837 9
9253 10
5681 9
24833 8
26349 8
1575 9
2476 3
5114 10
10620
30276
15451
16592
28223
11759
249
934
22199
29786
2923 62 10 9
8630 6
106 9
5112 6
204 7
1915 8
831 8
1468 4
5702 7
530 9
2001 7
5030 4
1033 10
4535 8
8769 6
76 9
2942 6
3467 10
933 8
476 8
5678 9
3667 7
366 3
6956 5
13333 8
2494 8
74 6
1682 5
812 7
940 6
11597 5
30307 5
357 2
2780 4
9587 3
4744 6
6505 9
9656 8
3322 8
5909 5
9330 5
6164 9
2923 9
412 7
3958 8
3464 3
6381 8
6045 10
167 8
77 9
4063 7
14289 7
6030 6
565 7
3503 4
3731 9
974 8
49 7
195 8
490 7
855 7
6205 5
1293 8
5734
7054
6408
4975
8241
740
5671
3287
9367
687
2928 6 10 7
32182 9
37450 5
30 10
19489 10
33489 9
37510 6
38000
36616
30831
35848
5681
36317
23289
37991
14349
32
2938 23 10 8
33743 7
14349 7
33502 9
20021 7
11757 9
31240 9
33377 6
32360 9
34126 7
10620 10
21881 10
34176 7
8675 9
31229 8
31953 9
32962 8
31973 4
32937 9
33926 8
3667 10
3287 1
32866 9
6381 10
11617
30485
22135
18897
33605
33475
30
339
31722
20847
3108 4 10 6
32998 8
356 3
11757 6
20899 7
16774
15809
6918
93
94
33
31933
11981
33674
10087
3163 6 10 6
777 9
205 8
22199 9
5039 3
1818 7
20899 8
36511
33253
617
35120
150
2216
2251
1292
22319
21353
3178 1 10 7
7054 10
33674
14749
19117
11005
32601
35434
22319
32949
10087
33487
3203 4 10 9
14741 6
30240 7
1535 8
22319 8
34134
6045
27899
33486
38524
31964
36456
32949
31414
37786
3258 3 10 8
21405 8
4081 9
9756 9
9289
22319
11111
2593
18095
16742
22135
11843
9253
34798
3268 5 10 6
6746 1
32615 9
2001 7
34240 5
1535 8
22865
849
11111
14749
1575
2904
22319
11757
9756
227
3308 1 10 9
6114 10
30276
6880
27899
33
9253
22319
1535
11111
19
813
3378 2 10 9
28121 10
31240 8
37517
32615
33206
32981
15809
30654
37999
33352
37675
36632
3408 21 10 7
23309 3
23037 6
18677 1
15133 3
16918 7
13759 7
22547 8
17831 7
15315 5
18671 5
21563 9
22835 7
17513 1
11633 3
15605 7
20847 3
20031 7
21863 7
19117 3
19221 7
21085 6
18857
16706
21431
15225
22319
14765
21561
14749
15809
14741
3548 10 10 8
949 8
2994 10
1519 6
3655 1
7193 10
205 7
156 3
4177 8
182 5
1535 10
32
393
6758
30
1454
889
4901
227
155
339
3553 2 10 9
339 6
1887 6
949
66
239
2025
306
1943
71
1430
7791
205
3563 4 10 5
543 8
617 7
10087 4
5039 9
405
340
10218
12113
2251
401
8086
1943
164
416
3583 9 10 5
7592 8
11771 10
11111 8
11757 8
8247 7
10589 8
2034 9
279 7
6045 7
7193
5355
3713
6895
4722
14467
2904
6747
10049
2685
3593 9 10 8
11241 10
2890 10
1029 10
1829 10
934 9
9135 9
3784 10
235 10
3002 10
269
2759
10793
4896
10417
578
4081
32
19
30
3608 3 10 6
11757 8
20 6
7311 10
4224
31433
9756
2167
1575
1699
3588
36296
4181
21
3643 9 10 6
4224 9
9253 10
11757 10
2251 9
6682 7
275 6
1051 9
3549 7
1691 8
21
20
14199
2476
6987
1195
7593
6746
10396
9181
3943 25 10 5
39026 6
164 8
392 7
1824 9
777 3
512 9
16664 8
601 5
44 8
1029 9
9969 4
22135 9
19 5
743 5
36098 3
721 7
32 8
513 3
918 6
3014 7
38935 10
10271 7
3002 8
572 7
1030 7
387
10711
16782
30694
2246
9253
28851
820
227
457
3948 4 10 6
801 10
358 9
2001 10
356 9
169
934
210
66
276
226
384
245
20
2966
3958 3 10 8
1535 9
2001 8
5114 10
9253
20
10863
1
121
2251
5356
98
8425
6802
4048 2 10 7
5525 9
2904 10
1640
2994
243
68
1535
1575
1222
60
61
2025
4153 1 10 5
4722 10
7058
2596
6895
6045
3470
3572
2593
6758
1051
7193
4213 4 10 6
34599 6
31147 9
7674 10
30296 3
20785
35847
32182
2403
35120
31798
28725
32613
31240
227
4468 2 10 6
2581 8
3230 8
1818
401
8917
3457
1827
2158
1210
877
861
820
4518 2 10 5
28223 10
14075 6
22199
13331
32093
9989
20785
10793
1887
33486
32281
27831
4688 17 10 5
35203 4
37450 9
34542 9
37171 9
34902 8
37141 10
37446 1
34933 8
35843 9
34104 7
36475 8
36296 9
37210 7
37779 10
34662 6
30484 10
35968 8
34561
33486
37105
37078
34451
34280
36949
34866
34881
34618
4733 8 10 9
27831 7
28701 9
6347 7
30307 7
4063 6
30240 8
28617 7
339 7
27775
10087
6802
34662
9919
3588
11757
205
27
28297
4743 22 10 7
11703 5
1 9
1575 9
3588 8
6746 8
1691 7
21339 9
4654 9
10719 8
1535 8
849 9
2001 9
11617 8
22297 9
11981 8
2966 8
9253 9
8841 8
1818 8
23281 9
150 8
6213 9
7311
14513
2251
13601
10620
6
9041
9756
889
10087
4873 9 10 6
3588 8
516 9
1088 9
121 10
2001 7
721 10
4155 8
1292 5
379 8
1
21
12859
11111
2167
12531
464
5114
1341
30
5133 5 10 5
430 10
1818 8
2112 7
121 10
1535 10
1195
1691
53
28
237
287
1840
2927
1519
889
5203 1 10 6
33983 8
2001
20583
6
36407
9513
31964
263
22199
35849
22729
5508 7 10 9
18677 7
25157 5
31953 8
14813 9
14713 7
30296 10
25013 9
31240
26443
31404
30544
28677
15315
27775
28701
27829
14467
5603 4 10 8
4744 6
226 9
1530 9
4789 9
4477
1562
2926
3958
2476
4181
934
2924
1889
4224
5693 5 10 7
1943 9
782 7
1013 9
153 9
239 10
2418
785
427
3549
889
2025
2001
474
1827
2236
5853 3 10 9
11751 8
31338 6
35828 10
9756
30296
35849
2904
31964
25687
1575
31478
32998
9989
5923 5 10 5
66 8
1164 7
2508 7
4550 9
330 6
879
5914
522
153
477
2251
357
933
230
849
5998 18 10 7
32281 9
59 5
1535 9
16706 8
1639 5
50 7
34498 6
4224 8
36563 7
10080 7
11235 7
9253 9
30831 7
32949 8
36098 7
8676 6
23289 6
7311 7
4181
10620
34822
8525
28819
37999
30
31988
32686
849
6193 2 10 5
1535 10
10620 10
205
2251
101
16870
2476
339
904
813
11757
6951
6248 2 10 9
36873 10
36028 10
245
14345
28623
32615
37989
37956
33489
34544
30806
38735
6423 11 10 7
6098 8
5114 7
6746 9
7088 7
2167 8
9253 7
4063 8
3731 6
1887 10
4181 7
7593 7
45
5277
4262
7817
5081
2251
6512
7627
2104
934
6473 1 10 9
1575 8
2001
47
4107
37520
934
785
4565
35849
4789
23281
6588 3 10 9
35298 6
28761 4
35828 9
33206
31519
9919
35062
34618
29803
30831
34822
32664
11757
6703 3 10 8
413 2
39468 8
21 9
71
39196
38544
11111
38295
38000
1690
392
37349
96
6863 3 10 5
13391 8
20583 9
13759 9
2251
14397
19815
10800
11981
20031
31245
28025
23277
21855
6913 4 10 7
37393 7
6956 7
30296 9
33674 9
38186
37976
37614
37579
35540
35968
34798
36266
38759
37517
7158 6 10 8
37450 2
37426 1
37451 6
38691 9
37521 2
39456 9
37920
38940
39030
38295
37221
37435
37349
37979
38753
39326
7228 8 10 6
30736 5
6867 3
81 9
16524 7
80 6
1033 10
32887 6
34599 10
37349
38628
35677
34822
7465
28725
35224
36882
578
33674
7378 1 10 8
32189 9
32995
15225
32902
33003
31964
32093
32542
32686
30654
31498
7678 3 10 8
2966 7
3702 8
477 8
3002
3297
3701
1530
245
1559
263
1065
1589
820
8003 6 10 9
6880 3
1818 6
384 3
90 7
5114 10
1 10
3230
567
395
199
81
16774
121
570
4726
10620
8018 2 10 8
34933 8
12189 9
23283
3087
9989
523
28805
30346
28725
20583
31646
24833
8703 5 10 6
21563 9
14289 9
21995 9
17513 9
3470 10
10321
853
15605
120
23673
7054
15085
3731
14713
11111
8798 4 10 9
16668 10
13655 10
8425 10
18195 10
6746
853
4415
6707
1699
6573
2025
4186
11111
5114
10368 5 10 9
33486 10
32729 10
25777 10
31964 10
6746 10
28223
6114
23283
30654
877
27899
21
24415
28891
1604
10448 4 10 7
18507 8
24439 8
109 9
34350 9
30205
16528
5356
23283
25867
25183
25859
164
9041
21881
10843 19 10 5
6114 7
30654 10
32935 10
24415 9
33 10
901 5
31964 8
25537 8
2476 3
3287 1
19 8
431 8
3002 9
1535 9
34542 3
9253 8
413 1
10271 9
11757 2
239
36563
30694
25389
10588
392
7674
31904
1735
8861
11133 1 10 6
34497 3
30831
36516
35847
28171
384
35203
30016
6773
16592
31240
11218 1 10 8
31952 8
31240
30911
32962
34086
32189
33028
28391
33051
28623
30831
12938 1 10 9
21327 8
9515
57
413
358
18897
145
11757
20787
13759
17895
12948 3 10 7
39198 4
37447 6
34561 6
38619
35503
25
39417
35076
38186
30484
30296
37779
37510
13528 8 10 6
36828 8
25283 8
101 9
9989 9
36296 9
35427 7
36470 9
36266 9
35756
8630
35249
11111
36884
36028
14741
36475
134
34382
13553 2 10 6
37206 7
37579 7
36470
36943
36296
36828
35249
36632
35756
36563
36028
36475
13633 3 10 9
25731 5
102 10
18195 10
30895
76
10793
1210
4725
6408
19315
800
2476
16009
27583 3 10 9
33433 4
32949 3
37458 4
36316
37517
36475
36525
34561
37259
35503
37561
33028
37349
