100
2958 32 10 8
1265 3
527 5
224 4
1923 5
1682 3
1680 3
318 5
25 4
1777 4
2762 5
380 4
457 4
110 3
1721 5
2268 3
802 5
17 3
11 3
1580 3
2291 4
1059 3
497 4
440 5
1735 1
508 4
247 5
74 5
2166 4
296 5
593 5
2395 1
1639 4
509
2539
150
1541
2154
2028
595
1393
2125
543
5158 2 10 6
8874 4
1968 3.5
67255
8368
2959
58559
2028
40815
96821
260
5971
111759
8238 9 10 7
232 4
592 4
296 5
593 5
150 4
380 3
434 3
231 5
153 2
590
292
344
527
111
318
339
161
349
588
9198 49 10 5
7364 2
292 2.5
45186 3
150 3
266 3
4326 4
1727 3
6947 4.5
1912 4
533 3.5
1961 2.5
6373 3
68954 3.5
2959 5
480 3.5
74458 4
1562 1.5
8371 3
5040 4
3578 4.5
40819 3.5
4993 5
780 3.5
364 5
5618 4
44555 4.5
58559 4.5
300 2.5
48780 4
595 3
55872 3.5
318 4.5
8970 3
6283 3.5
293 4
32596 1.5
45210 2
4226 5
590 4
31410 3.5
4886 4
535 2
85788 2.5
31658 4
6016 4
316 4
344 2
26133 1
593 4.5
46976
6187
36529
161
1089
2993
5956
110
1246
1653
16898 17 10 8
500 4
648 4
1580 4
527 4.5
1961 4
4993 5
8368 4
750 5
2028 4
8665 3
8961 4
62 4
3114 4
40815 4
1610 3.5
2762 2.5
4886 3.5
594
30793
19
350
344
1073
6934
480
45722
4995
17128 48 10 5
58559 5
48780 4
4226 4
65216 3.5
40819 3.5
64983 3.5
5902 3
110 3
27904 4.5
4011 5
49530 4.5
4995 4.5
2028 4.5
318 5
81229 3
7445 5
3578 5
5995 5
39183 1
8368 3.5
8665 3
44191 4
8961 4
37731 4
4886 4
51540 3
54503 5
8937 5
4993 4.5
6373 3.5
47610 5
30707 3.5
296 5
55765 4.5
1089 4.5
31225 4
47099 3.5
2502 4.5
953 5
54001 3.5
6016 5
2959 5
42725 3.5
72733 3.5
593 4.5
4034 3.5
40815 3.5
293 4
80219
2567
81782
6003
46976
67087
1213
36529
858
1920
17468 404 10 6
3101 3
327 3
471 2
3698 2
2640 2
2100 3
1653 2
300 3
2262 3
426 3
616 3.5
2109 4
1572 5
1997 4
924 5
272 4
2370 3
2469 1
1051 3
2648 3.5
231 3
1091 1
2005 2
4993 5
1281 4
316 2
2288 4
1259 2
2789 3.5
185 1
2734 3
1266 3
2528 2
1546 4
1967 2
588 3
2011 2
380 3
586 2
2371 3
2355 3
2078 4
492 4
605 2
249 3
111 4
3146 2
229 4
1257 2
1372 3
3168 3
1059 3
22 2
488 3
26 3
2099 3
1941 4
377 3
1389 1.5
1544 3.5
2151 3
1948 4
1378 3
260 5
1278 3.5
527 3
1387 4
1265 3
3396 3
1018 1
914 3
2454 3
780 3
953 3.5
1480 2
1589 2.5
2348 3
307 5
1073 3
587 0.5
253 3
2118 3
1994 3
233 3
1969 3
1124 2
2517 2
786 1
805 1
1735 1
818 3
2261 1.5
3418 3
1947 2
1125 3
333 3
2102 3
3159 4
934 3
246 4
1683 3
2148 1
112 3
3083 4.5
468 2
1260 4
2722 2
1371 3
2539 2
500 3
2054 3
1970 2
1374 3
162 4
344 3
535 4
13 2
902 4
1249 3
928 3
440 3
1379 2
175 4
562 4.5
1991 2
1280 4
3055 4
1959 3
2860 1
194 3
920 5
2087 4
2115 3
3104 3.5
2442 4
858 5
1719 4
778 4
1954 2
1394 4
28 4
2000 3
165 3
2111 3
2728 4.5
2110 3
85 4
2018 4
899 2
590 3
2470 1
2204 4
1376 3
1370 3
2263 3
931 4
3010 5
2769 3.5
247 4
2762 3.5
2973 3
1610 2
2699 3
292 3
2436 2.5
3024 2
1252 3
3526 3
441 3
916 4
3013 2
1429 3.5
2114 3
585 3
1366 4
3480 3
17 4
2002 2.5
593 3.5
1913 3
383 3
506 4
1968 3
1834 3
1672 2
670 5
379 1
198 2
154 5
551 5
1482 4
2616 2
597 3
2141 2
3525 2
350 1
3127 3
5 2
1836 3.5
1987 2
617 4
2014 2
5995 4.5
2193 3
3936 3
2176 4
594 4
1088 0.5
2134 3
2662 3
1285 3
1921 3
592 3.5
410 2
661 4
912 3
2252 2
2144 3
293 3
2395 3.5
3549 3
3543 3
2088 2
1958 2
296 4
1244 4
1587 3
1678 2
1485 2
921 3
2291 3
2912 4
196 2
1641 3
919 4
861 3
1673 3
1407 3
117 4
3060 3
3478 2
3699 2
3476 3
2038 2
236 2
1717 3
2289 3
2013 2
2455 3
3079 4
1090 3.5
508 3
2185 4
2287 3
3114 3.5
2202 4
2657 3
2731 4.5
2180 3
1483 2
1251 5
3016 3
1649 4.5
613 4
2302 3.5
1732 3
2989 3
653 2
238 2
1884 4
2105 3
1846 4
1375 3
1562 1.5
3019 4
2080 3.5
2929 3
2160 4.5
1859 4
3527 3
1246 3
2527 2
1573 2
88 3
346 2
994 4
187 3
2186 4
1918 2
3089 5
2116 3
574 3
2117 3
838 3
421 2
1248 4
457 3
475 3
541 4.5
2019 5
3638 2.5
172 2
2095 1
2139 2
2057 2
2294 3
745 4
1965 2
2124 3
2015 1
2021 3
1092 3
1611 4
268 3
364 3
3036 3
2575 4
156 3
1863 2
1392 3
153 2
659 4
3007 4.5
1580 3
2750 4
497 3
2788 4.5
345 4
1995 2
2135 2
1396 3
2333 4.5
1093 2
466 3
1282 5
288 3
428 3
800 3
2312 3
2009 3
3763 3
18 3
1635 3
1688 3
2140 4
2122 2
2239 3.5
199 4
680 4.5
480 4
70 3
903 5
1089 4
2313 4
1964 3
3052 3
2654 3
1690 2
648 2
608 5
5060 3
1961 3
3397 3
1213 4
2779 3
1245 4
3635 3.5
2993 4
537 2
2034 2
923 5
2990 3.5
788 3
1596 4.5
2525 2
1380 2.5
2108 3
3082 3
454 2
2463 3
750 5
596 4
1542 1
1957 4
3075 4
1734 4.5
2791 3
2012 1
1377 3
3033 3
3040 2
968 3
81 3
2324 4
2003 2
3210 3.5
141 3
3134 5
3030 5
1639 3
2010 3.5
1127 3
1949 4
3686 2
481
2001
318
2259
3479
1904
290
2363
3087
2085
18258 46 10 7
4443 4
551 4
1673 4
912 5
2287 4
111 4
1247 5
1213 4
4993 5
1089 4
318 5
3037 5
599 5
2648 5
1265 4
1281 5
2019 5
778 5
909 4
1387 5
1267 5
750 5
260 5
293 4
2288 4
1245 4
1088 2
2289 4
165 4
3632 4
509 4
4226 4
858 5
1653 4
1283 4
745 5
4515 4
1573 4
1997 2
296 4
903 5
2324 4
247 4
110 2
2186 4
4105 5
3576
1248
968
866
3030
782
1266
541
2064
608
19458 17 10 9
648 3
786 3
95 5
92 3
260 3
1073 2
818 3
1367 4
1049 4
63 1
802 5
761 4
788 4
104 3
1485 5
780 5
141 2
628
79
74
662
782
809
858
805
891
673
26198 3 10 6
781 3
17 3
104 3
608
780
650
95
141
25
494
708
648
18
27918 14 10 7
648 4
2262 3
593 4
1089 5
260 4
1909 4
858 5
608 4
1645 3
1589 3
1092 4
350 3
553 5
1265 4
457
1378
1783
1892
2762
1387
1997
454
1727
1266
28898 3 10 7
410 3
21 3
266 3
500
590
344
435
454
480
339
231
595
364
29368 72 10 5
788 2
25 5
112 4
1580 4
581 4
839 3
140 3
781 4
66 3
996 4
640 3
838 4
648 3
6 4
1407 4
12 3
798 1
745 5
76 3
639 3
562 4
783 3
784 3
802 3
97 4
141 3
82 4
858 5
260 5
832 3
637 3
830 3
1367 4
1544 3
123 5
762 1
836 3
81 3
800 3
18 3
786 3
617 4
62 3
74 3
1411 3
833 3
1073 3
991 3
990 3
3 2
156 3
1552 3
1483 3
55 3
1639 4
628 3
653 3
5 2
1393 3
96 3
26 3
14 3
1398 3
805 4
95 2
58 4
1391 4
17 3
1358 3
778 4
708 3
714 4
608
697
673
1499
1417
30
1050
866
92
1485
29668 123 10 9
788 3
1573 4
802 3
260 5
132 1
1393 4
1544 3
553 3
20 3
265 4
616 3
481 3
475 3
2 3
21 4
497 4
377 4
163 3
6 2
237 3
540 3
673 2
494 3
1405 3
527 5
596 3
839 3
663 5
653 3
22 3
153 3
224 3
198 3
1377 3
1391 4
539 3
122 3
454 4
150 4
344 5
253 4
248 3
551 4
76 3
480 4
318 5
1073 5
350 4
111 3
595 4
174 1
303 3
252 3
455 3
466 3
590 5
552 3
410 3
1580 5
329 3
267 2
165 3
780 4
276 3
805 4
3 3
546 2
193 2
223 4
836 3
708 4
508 4
786 4
597 4
62 4
1049 3
593 5
1552 3
145 3
316 3
490 3
832 4
594 3
288 1
440 3
349 4
25 5
648 4
434 4
586 3
1485 4
232 3
110 5
95 3
380 3
671 4
880 3
468 4
161 4
861 4
177 3
784 1
337 3
339 3
292 3
364 4
464 3
112 3
587 3
196 3
608 4
100 3
160 2
435 3
592 4
296 5
500 4
1407 4
543 2
457 5
800 4
225 3
745 5
172
588
405
273
173
1429
533
300
327
317
36528 313 10 8
260 5
1931 5
1923 3
1405 1
2761 5
2012 3
2069 4
1245 4
942 4
1092 4
1729 3
5902 3.5
1629 3
1377 4
2912 4
2657 4
2324 5
2058 3
144 3
2282 4
1721 5
4993 4
2297 1
592 4
508 4
147 4
1633 4
923 5
457 3
1619 3
919 5
1584 3
1682 4
3175 4
28 4
1885 3
1408 3
1641 5
2093 2
2112 5
4886 3.5
531 4
164 4
2690 4
4226 4
6620 4
3176 4
594 4
1093 3
364 4
2302 4
5956 2.5
913 5
6552 4.5
1734 5
281 5
480 4
2067 5
246 4
3145 3
1883 5
4995 4
475 4
994 4
1635 4
1719 4
2011 3
928 4
1645 2
2124 4
194 5
2501 4
5876 4
497 4
6974 5
585 1
1589 4
2493 4
1713 1
2154 2
1265 4
2611 4
3082 2
8645 4
4644 4
5955 4
2762 4
1283 5
62 1
1836 3
910 4
2973 5
40629 3.5
3865 3
587 4
314 4
2442 4
6947 4.5
1416 2
551 4
4896 3
3127 3
45722 2.5
1947 5
388 4
1050 5
1966 4
1665 1
1643 4
110 4
922 5
27721 4.5
2539 2
1597 4
471 4
2333 5
914 4.5
1660 3
1865 3
1271 3
1391 4
5991 4
527 4
4975 3
30810 4
1250 4
1392 3
31658 4
35 3
440 4
1727 4
916 4.5
912 5
2144 4
2115 4
4024 3
3081 2
920 4
4973 4
8961 4.5
767 3
253 2
1267 4
3037 4
1653 3
6593 4
100 4
2395 5
953 5
5816 4
902 5
2357 3
222 4
1963 4
4880 4.5
2927 3
154 3
3536 4
745 4
224 5
8665 3.5
454 3
4641 5
1841 2
428 3
1732 4
2770 4
1248 4
4978 4
2959 2
265 5
593 3
21 5
1562 2
1673 3
46578 4.5
490 3.5
348 5
2108 5
3160 5
159 4
3578 4
5618 4
1701 4
1089 2
1544 3
523 3
261 4
8879 4
3418 4
3554 4
337 4
1372 3.5
780 4
1834 3
3125 3
2966 4
588 2
648 3
2023 5
235 4
2312 4
1914 4
1610 3
2094 3
150 3
111 4
16 4
1730 3
296 5
2617 2
17 5
5995 4.5
753 4
1936 2
3097 4
800 4
1580 4
2291 5
1269 4
500 3
586 3
2 3
377 3
8970 4
1252 5
1376 3.5
2331 4
3072 4
2976 3
82 3
1213 4
1810 4
3598 3
832 2
1393 3
4174 4.5
2891 4
26 3
107 3
8873 4
153 3
33660 4
33166 5
345 5
4643 4
1954 3
2062 2
899 5
213 4
1904 4
3083 4
880 1
156 3
30707 4.5
4979 4
262 4
492 3
2791 3
25 4
2006 3
1358 4
2085 4
590 4
837 4
597 3
425 4
1917 3
350 3
1840 3
1912 4
2186 3
2692 3
1777 4
1266 4
1826 1
509 5
541 5
2028 4
1892 3
2269 3
830 2
608 4
1537 4
764 2
917 3
8464 3.5
1394 4
1672 3
988 4
300 4
8966 4
6187 4
290 4
342 4
380 3
36527 4
1694 5
8981 3.5
1374 4
2605 3
1542 4
1411 3
58 5
943 4
40819 3.5
334 4
778 4
8368 4
2575 4
1961 4
2289 5
452 3
2890
4034
1639
595
549
272
161
3078
3115
858
37858 9 10 6
76 4
832 4
140 3
780 5
5 4
784 1
648 5
1073 2
3 4
786
708
494
107
104
839
802
102
628
62
44758 30 10 5
1783 5
62 4
1573 5
778 5
991 4
260 5
1393 4
141 3
832 5
1777 5
1721 5
17 5
1667 5
896 5
1407 5
628 4
705 5
858 5
1831 5
97 5
1719 5
1613 5
860 5
1629 5
647 4
1073 3
30 5
1597 5
1499 1
1365 3
1686
1732
58
1552
1729
1633
96
1833
838
116
46388 5 10 6
6016 5
4954 4.5
858 5
593 5
2959 5
1281
58559
1665
318
110
502
71254
1499
4973
527
47808 46 10 7
788 2
3179 4
609 3
780 4
919 5
3173 3
552 3
2302 3
1717 1
2003 1
2639 2
902 4
2539 3
5 2
648 3
4958 3
1363 2
3052 3
4639 4
1271 4
3554 4
605 3
377 3
1682 4
596 4
804 4
1721 4
2890 3
102 1
1837 3
3114 4
1732 4
700 2
344 3
590 4
539 4
4896 5
1917 3
3418 4
1580 4
4701 4
69 3
920 4
4558 3
4816 3
3107 3
2058
2546
158
4880
608
110
1654
595
261
4975
48398 80 10 6
300 4
802 3
260 5
317 3
457 5
434 3
1411 4
1363 4
633 3
266 4
265 4
19 2
612 3
231 2
160 3
118 4
410 3
637 3
380 4
597 3
994 5
292 3
592 3
62 4
594 5
186 3
107 5
337 3
17 4
780 3
1073 5
141 3
593 5
661 4
832 4
316 3
480 3
306 5
288 4
296 5
318 5
377 3
329 3
587 3
253 3
800 5
339 4
539 4
588 4
21 3
595 5
442 3
527 4
440 3
165 3
110 4
708 4
838 5
562 3
745 3
508 5
349 3
58 5
710 1
11 3
364 4
315 3
1050 5
173 3
6 4
608 4
647 4
435 3
786 4
509 4
837 4
236 3
500 3
150 5
185 3
590
344
153
350
26
766
82
553
161
25
50278 2 10 6
223 4.5
11 3.5
300
919
2959
912
1213
4993
410
1923
111
1961
56088 90 10 8
466 1.5
2312 4
1927 3
1721 2.5
1485 3
42418 4
4995 5
318 5
1370 1
1265 4.5
377 2.5
54276 4
527 4
597 3
454 3.5
2324 4
3578 3.5
628 4
858 5
364 3.5
2671 4.5
231 1.5
539 4
2989 2.5
8970 4
39183 5
1923 2
475 4.5
1093 3.5
186 3
3176 4
2617 1.5
2291 4
17 3.5
837 3.5
342 4
32596 3
1732 3.5
266 4.5
2 3.5
292 2
508 4.5
2990 3
4993 4
339 4
47491 4.5
500 3
1955 4
1277 4
8014 5
2699 1.5
41566 3.5
2003 3
778 4
2023 4
1682 4.5
1961 4.5
1393 3.5
44555 5
3101 3.5
1246 4.5
2054 1
1947 4
2791 3
593 4
46578 5
2268 4
3160 5
2805 4
110 3
49961 5
58559 4
457 3.5
236 3.5
45722 4
3114 2.5
2455 1
1407 3
2360 4
590 3
2062 4
1672 3.5
1387 3
587 3
67255 4
586 1
2161 3.5
1416 1
3396 1.5
6163 4
59118
54001
1620
509
49530
613
1959
105
4973
47099
61178 325 10 7
2313 5
2268 5
2289 4
2132 4
2692 3
232 4
3418 4
3554 3
3055 3
5876 4
3543 3
2019 4
2890 4
880 1
350 4
1950 3
1262 4
924 2
1213 4
922 4
848 5
5060 5
3090 5
1394 3
2546 4
3019 5
3699 4
1594 5
425 4
3598 3
235 4
1584 3
2284 4
294 3
5991 3
1586 5
428 4
455 2
2528 5
593 3
2701 1
290 3
3060 3
2770 4
3173 5
2764 3
1387 5
3763 3
11 4
62 5
5693 4
899 2
800 5
1956 5
1374 4
1245 4
1408 5
414 3
70 3
909 3
866 4
3701 4
163 2
2791 2
3035 4
1732 1
897 3
4235 2
628 5
4639 1
5747 5
2669 5
702 4
480 4
3527 5
590 5
1694 3
750 5
4723 3
5965 4
1088 5
1661 4
1635 3
2671 3
3513 3
1267 5
4701 3
22 4
599 5
161 4
121 5
1396 3
2287 5
1792 3
1645 3
199 1
4974 1
4234 2
4889 3
1552 3
481 5
648 4
132 1
1488 4
1483 1
913 4
165 3
229 4
223 4
2759 2
4880 4
2064 5
3980 4
1092 4
2648 5
4034 4
953 4
5065 1
3175 4
2067 4
1249 5
955 5
300 5
2202 5
608 5
2769 3
2699 5
760 4
707 3
2976 1
1272 5
2470 4
157 2
3681 3
1277 4
2324 3
2291 3
1244 4
3101 4
1949 5
2662 5
1283 5
2071 5
1961 4
2501 4
4967 2
5995 4
2912 3
928 3
2288 5
1631 4
3427 3
2728 5
4226 4
2640 2
3037 5
1587 2
2565 2
293 3
25 4
2527 4
110 4
647 5
4011 3
1127 1
288 4
1927 3
260 5
1939 4
1947 2
594 4
380 4
940 4
1834 4
3072 5
3578 5
858 5
4247 2
316 2
2973 4
903 4
5956 5
155 5
2023 3
2020 4
105 3
3062 5
2312 4
159 4
2722 1
16 4
3764 2
1265 4
1610 4
1931 4
1273 2
4975 1
1788 4
1252 4
2762 3
4978 3
377 4
1250 5
587 3
1912 4
6 3
527 5
3556 1
4710 4
1957 4
21 5
1358 4
1392 4
318 5
1089 5
2111 4
2110 3
954 4
923 2
780 2
5548 4.5
2322 2
6264 3.5
160 1
3011 3
1616 4
6183 1
1722 3
1730 3
1848 3
2363 4
1416 3
468 4
292 3
266 2
1945 4
2094 3
2028 5
141 4
224 4
3576 4
4228 3
3104 5
2453 4
1955 4
5801 2
1597 3
1653 4
912 4
1407 4
1620 3
1246 2
1944 5
4958 2
2924 1
2058 4
1254 5
926 4
2459 4
3168 5
440 4
1608 4
4643 1
4232 1
1247 4
5833 3.5
1845 4
225 3
3469 5
849 2
1379 5
534 4
592 4
2966 5
3117 4
3594 3
2013 3
919 5
1537 3
3537 3
916 1
541 5
1393 4
434 5
910 5
3178 5
329 3
265 5
1809 5
194 4
303 3
1253 4
2266 3
851 1
1090 5
431 4
1964 5
1942 3
5899 3.5
2320 5
2370 4
2616 3
1377 1
150 5
3160 3
319 4
1280 5
3547 4
4025 2
5689 3.5
1269 5
279 3
2525 1
4327 4
111 4
1282 4
1580 3
1370 4
349 3
3107 3
678 4
494 4
482 3
1266 4
85 4
1573
935
4148
920
164
1954
457
4995
1676
1696
64598 7 10 9
380 5
153 4
480 5
296 1
150 5
344 3
110 5
457
292
590
595
349
318
329
588
231
592
64628 14 10 7
58559 4.5
111 4.5
260 4.5
44191 4.5
3175 3.5
1831 2.5
296 3.5
6016 4
849 3.5
1282 4
55765 4.5
1586 3.5
110 3.5
2028 3
4226
5618
1089
2694
2959
47610
593
48780
1777
318
65948 12 10 5
1945 4.5
912 4.5
318 5
858 3.5
1089 2.5
2762 4
593 4
2028 4
111 4.5
296 3
48780 3
58559 3.5
2019
4226
4993
3089
293
2959
527
110
1281
2324
66228 4 10 7
1285 3
342 4
261 4.5
466 1.5
913
2302
585
2770
910
1597
2080
252
903
158
66898 16 10 8
69 4
4973 4
6373 4.5
315 3.5
186 3.5
1917 4
101 2
1653 4
1777 4
2011 4
2924 4.5
380 3.5
231 4
5995 5
1580 3.5
104 4.5
333
1641
3175
5060
2502
1485
441
1690
1407
1682
67398 40 10 7
552 4.5
553 2.5
1265 2.5
2115 4
8984 3
364 4
1282 3
1396 4.5
316 3
1246 4.5
1374 3.5
185 1
1562 3.5
5991 2.5
2671 2.5
6373 3
3578 4.5
2012 2.5
8961 4
500 3.5
783 3.5
153 3.5
8665 4
31685 4
2003 1
1721 4.5
1375 3.5
62 5
2011 3
11 4
1610 4
1376 4
1422 3
440 3.5
1620 3
1777 2.5
592 4
1377 3.5
260 4
1702 2.5
4886
1059
539
17
1372
168
31694
595
588
597
69738 59 10 5
3418 1.5
1485 2
110 3.5
5816 4
339 2.5
40815 4
3578 3.5
1721 5
2671 4.5
1259 5
47518 4.5
2028 4
4993 5
4886 3.5
44191 4.5
6373 3.5
527 5
914 4.5
2657 3.5
1680 2.5
2268 2.5
364 4
45722 5
588 3.5
858 3
68954 3.5
261 4
2012 3.5
5991 4.5
586 5
1073 4
500 4
1923 2.5
1968 5
1682 4.5
2005 5
597 4
590 4
2291 5
61348 3.5
46578 4
1961 4.5
1271 4.5
4896 4.5
1959 3.5
595 2.5
8368 4
539 3.5
141 4
235 3
377 3.5
2321 4.5
2 3.5
1393 3
342 4
3114 3.5
58559 4.5
337 5
318 5
2959
30793
2011
4995
293
1580
2144
224
8961
30707
72058 625 10 9
4979 4.5
2005 3.5
30793 5
45726 3
1283 4.5
4025 1.5
1488 3
293 4
592 3
1734 4
2539 3
475 4.5
1687 2
1645 3.5
56339 4
1594 4
1278 4
2463 3.5
2108 3.5
3055 3.5
5971 4.5
2021 3.5
8970 4.5
640 3.5
2046 3
1639 4
5481 2.5
587 2.5
3698 3.5
215 4
54503 4
67255 4
159 4
2734 3.5
4498 3.5
2617 3.5
2527 4
1480 4
2912 4
2321 3.5
454 3.5
489 2.5
1090 3.5
926 4.5
95 2
45186 3.5
4011 4
2004 2.5
1407 3
8665 3
2115 4
2028 4
780 1.5
364 3.5
5051 4
2000 3
923 3.5
2333 4.5
3082 1.5
4887 3
2453 3
442 2
4978 4
2791 3.5
1957 4
1689 3.5
3030 4.5
253 3.5
4641 4
593 4
49530 3.5
104 3
2699 2
5995 3.5
57243 4
3699 3.5
2371 3.5
920 4
1573 3
1088 3
2140 4
1126 3
26776 4
788 2.5
44694 4
4886 4
97024 3.5
4896 3.5
3578 3
497 4
1961 3.5
6552 4
435 2.5
1956 3
5483 4
31658 4
2502 4
1542 3.5
1092 3
2759 3
527 4
922 4
2001 3
22 2
1717 3
898 4
292 3
590 4
1393 3
6639 3.5
1416 3.5
6934 2.5
2006 2
8973 4
1380 3
879 2
1370 3
5147 4
1396 3.5
3052 3
1892 3
2671 3
1267 3.5
3989 3
40732 4
431 4
1073 4
4349 3.5
2447 3
588 3.5
3683 3.5
1590 3
2788 4
4995 4
8372 2.5
3089 4
4816 3
954 4
4734 2.5
2132 4
1485 3
1619 3.5
1913 4
3479 3.5
1968 4
2093 3
4380 4
911 3
6620 4
196 2.5
33166 3.5
2268 3.5
2640 3.5
1955 4
1644 2.5
596 3.5
805 2.5
59118 5
2501 3.5
2058 3.5
994 3.5
1947 4
43333 4
2728 3.5
2959 5
1544 0.5
4857 4
1405 3.5
2193 4
2692 4.5
1600 3
5146 4
543 4
79720 4
64499 3.5
902 4
434 2.5
47610 3.5
1732 5
541 4.5
33817 3.5
1880 4
30810 4
21 3
2288 3.5
2657 4
5608 3.5
2019 4
1103 4
1616 3
40815 4
428 3.5
1686 3
44191 4
1682 4
235 4.5
2100 3
1676 3.5
2291 4
5620 3
1954 3
2993 3.5
1884 3.5
46976 4
1245 5
3075 4
800 3.5
349 2.5
410 3.5
1883 4
1089 4.5
101 3.5
2355 3.5
45722 4
940 4
5747 4
4327 4
68954 4.5
58559 4.5
31410 4.5
6016 5
5618 4
648 3
3007 3.5
19 1.5
3107 3.5
490 3.5
3515 3.5
899 3.5
1411 4
30707 4
6440 4
918 4.5
45210 4
494 2.5
1909 2.5
2111 3.5
3638 3.5
1719 4
1429 2
1610 3
1938 4.5
1391 2.5
1358 5
3102 3.5
1673 4
41863 4
247 4.5
2642 2.5
185 1.5
3178 3.5
3034 4
4226 5
2186 4.5
288 3
38061 4.5
44555 4.5
2080 3.5
1729 4
150 3.5
8341 4
1484 3.5
5516 4
2176 4.5
628 3.5
1730 4
595 3
3037 4
24 3.5
1552 3
72308 3.5
3635 3.5
1272 4
78 3.5
1259 4
160 0.5
27873 3.5
55765 4
1635 4
308 4.5
912 5
236 3.5
3022 4.5
47099 2.5
112 3
8981 3.5
1375 3.5
3011 4.5
1371 3
1269 4
26152 3.5
223 4
2616 2.5
745 4
4326 4
41569 4.5
26555 3
2990 3.5
4338 4
3081 3.5
1387 3.5
4546 4
597 2.5
1266 4.5
2067 4
841 4
2966 3.5
914 4
480 3
1580 3
1251 5
246 4.5
832 3
1963 4
778 3.5
1597 2.5
1921 4.5
1250 4
951 4.5
53000 3
56152 3.5
2072 3
1665 3
5825 4.5
2370 3
3083 4
1257 4
909 4.5
27815 4
1059 4
6461 4.5
1394 4
58 4
2731 4
380 3
2232 3.5
4638 0.5
552 3
6078 3
74458 4
553 4
1920 3
1284 4
3527 4
2010 4.5
8866 2
1586 3.5
3173 2.5
27834 4.5
33660 4
377 3
27338 3.5
6591 4
2054 2
1809 3.5
180 4
2023 3.5
1248 4.5
1722 2.5
4951 3.5
3763 2.5
5955 3.5
1690 2.5
1721 3
43396 4
1944 4
1213 4.5
928 4.5
551 4.5
1810 3.5
3175 3.5
1127 4
1408 3
34326 0.5
647 3
1262 4
1949 4
1950 4
1836 4
3418 3
2926 3.5
905 4
8983 3.5
2761 3.5
318 5
1591 2.5
199 4
2313 4.5
786 3
2900 3
8880 3.5
1924 1.5
866 4
8014 4
1282 3.5
1285 3.5
2891 3.5
466 3
62 3
1912 3.5
319 3.5
1376 3
492 4
39183 4.5
441 4
3079 4
31162 3
4558 2.5
2012 3.5
48385 4.5
2433 3.5
965 4
802 3
4148 2.5
1374 4
405 2.5
1680 3.5
4809 4
5816 3.5
300 4
2395 3.5
1049 3
1672 3
423 2.5
5 2.5
2770 2.5
5064 3
2300 4
782 2.5
1280 4
162 4.5
2022 4
55069 4
2357 4
52885 4
40819 4
38304 3.5
1252 5
2134 3
509 4.5
5956 3.5
1584 2.5
1253 4.5
76 3
2002 3.5
345 2.5
4723 3.5
6 4.5
1246 4
2011 3.5
1277 4
1498 2.5
949 4
68347 4
4474 3
1244 4.5
3088 4.5
350 3
1779 2.5
2020 4
1918 3
2722 2.5
2210 4
4975 4
919 4.5
110 3.5
25771 4
5902 4
31364 4
222 3.5
26680 2.5
1247 4
47423 4
8874 4
2762 4
440 3
165 3.5
1273 4
2082 3
333 1.5
5991 4
2565 3.5
1260 4.5
161 3.5
2294 4
608 4.5
65596 4
931 4.5
471 3.5
1377 2.5
27904 4
3104 4
337 4
2124 3.5
225 3
457 3.5
500 3.5
194 4
3526 4
3033 3.5
26131 4.5
910 4.5
296 5
1608 2
232 4
2161 4
1701 4
326 4
1281 4.5
7983 3.5
3160 3.5
653 3
168 3
2927 4.5
2359 4
3581 3
153 3
8961 3.5
6537 3
708 3
1967 4
40629 4
1091 2.5
2611 3.5
8645 4
586 3
2594 4.5
784 4
599 4
231 3
204 2.5
1482 3
2324 4.5
145 2.5
4967 4
1050 3.5
7090 4
903 4.5
4034 4
714 4
4437 4
508 3.5
26614 3.5
54272 3.5
3159 3.5
924 4
7445 3.5
54001 3.5
2989 3.5
43460 4
3556 4
4880 3.5
2003 3.5
1271 4
1653 4
25 3.5
3686 3
63876 4
329 3.5
3536 3
1562 3
5528 3
1923 3.5
3176 3
1641 3.5
41566 4
8464 4
3591 2.5
4973 5
1620 3
750 5
307 4
858 5
1372 3
17 3.5
8951 3.5
260 4.5
1254 4.5
2289 4
2360 4
1615 2.5
522 4
1945 4.5
344 3
4105 3.5
4251 4
16 4
968 4
4993 4
4499 3.5
1265 4.5
6283 3.5
4235 4.5
4644 4
170 2.5
1373 3
665 4.5
5876 4
594 3.5
2116 4
6947 3
48780 4
2442 3.5
8873 3.5
111 4.5
290 4
2282 3
27721 4.5
8368 3.5
4351 2
46578 4
5319 4
2890 3.5
237 3.5
2280 3.5
1777 3.5
2769 3
953 4
1627 4
1997 4
913 4.5
8010 3.5
2605 3
3114 4
2470 1
2575
6003
1389
306
3101
53519
51540
2302
36529
1378
88588 52 10 7
63876 2
45722 2
33166 4
89492 0.5
5608 2.5
40819 1.5
1732 0.5
247 1
47099 2
73290 5
97938 4.5
5816 4
30810 2
2297 3.5
318 2.5
1247 2
2762 0.5
912 2.5
1265 2
96821 2.5
215 1
8368 4
4973 3
4896 4
4979 4
110 2.5
54001 4
1884 2
40629 3
65188 4
919 2
40815 4
46578 1.5
4993 0.5
59995 4
30707 3.5
296 4
593 0.5
8970 4
2005 2
111 0.5
1088 1.5
41566 1
2087 1
595 2.5
1259 5
1968 2.5
551 2.5
43376 3
1271 2
47423 1
745 0.5
39183
1653
2959
103048
2692
27721
104374
94959
2324
8464
93778 13 10 7
46578 4
318 4.5
3114 4
4973 3.5
1393 3.5
527 4
2324 4.5
1682 3
4993 4
2671 4
3578 4
6016 4.5
4886 3.5
111759
745
2791
4226
1265
68954
3175
1968
81229
500
96668 4 10 8
588 3
296 3
300 4
231 1
595
339
592
380
590
292
150
318
153
344
101528 1 10 9
596 1
2012
762
661
186
158
2011
1917
920
1584
70
102158 33 10 7
296 5
2324 5
2165 2
2395 5
592 2
1246 3
527 3
1537 5
1266 3
1090 3
306 4
2699 2
457 3
1885 4
2302 3
162 5
1213 4
2075 4
2020 4
1089 5
1093 2
1923 3
1958 4
299 5
1834 3
1968 5
2348 3
1734 5
1361 5
1961 3
803 5
223 2
509 5
334
1635
2022
778
800
111
1641
593
247
1124
105538 3 10 8
46578 5
562 4.5
441 2
46976
481
2291
345
162
8464
180
203
2064
5902
106628 13 10 6
292 3
316 3
253 5
380 5
231 4
434 3
339 4
288 4
153 4
454 4
349 4
296 5
161 5
165
590
500
150
266
21
527
593
592
480
108118 25 10 6
595 3
265 5
590 3
185 3
435 3
592 3
235 5
588 3
154 5
21 3
342 3
457 3
306 5
231 3
229 5
318 3
316 3
509 4
111 5
307 4
110 3
593 5
329 3
215 5
165 2
317
349
296
35
308
337
348
344
196
153
109358 160 10 7
637 2
337 3
4979 2
509 3
522 3.5
3556 3.5
2105 2.5
4823 4
318 4.5
1393 3
1641 3.5
2108 4
6538 3.5
1266 4.5
4995 4
231 3
2021 3.5
1127 3
4034 4
377 2.5
1954 2.5
1968 3.5
49961 4
104 2
74545 3.5
858 4
2019 4
1959 4
2321 4
1587 3
597 3.5
48385 3
2011 3
903 4
1676 2.5
65216 3
1682 4
608 4.5
1580 2.5
2335 0.5
5956 3
40819 4
21 4
6461 4
47491 4
1246 3
2291 4
6947 4
750 3.5
43396 4
1729 3.5
2617 2.5
1485 3
150 3.5
455 2.5
67255 3.5
1721 3
1913 3
648 2.5
1092 3
1573 2.5
1673 4
1247 5
2012 3
500 2.5
1380 2
38061 3.5
2313 3
586 2.5
1923 4
6016 4
480 2
2359 4
1213 4
2003 3
47099 3.5
8874 3.5
2539 3
4349 4
364 2.5
1997 3.5
4643 2
2692 4
1588 0.5
2028 3
4011 5
19 1
1994 3
590 4
3168 3
593 4.5
7008 3
1282 4
8985 2.5
788 0.5
780 2
6373 2
541 4
539 4
4226 3.5
30707 3
1653 4
3578 3.5
919 4
46578 5
2010 3
1381 1
4973 3
2463 3.5
111 4
1777 3
1265 5
4816 2.5
8464 3.5
1089 3.5
1073 3
799 3.5
2657 4
26554 3.5
296 5
2054 2.5
2144 2.5
3101 3.5
3418 4
260 2.5
2023 4
1093 3.5
1961 4
4978 4
1391 2.5
1957 3
60293 3
1252 4.5
1091 2
3033 3.5
2470 4
16 3
2 2.5
1255 3
33166 4
3060 4
2109 3.5
2788 3.5
3175 4
44864 4
778 4
924 3
8873 4
1955 3.5
4326 4
3114 3
3081 3.5
290 3.5
50189 0.5
165 3
30810 2
2124 3.5
1552 3
110 3
1103 3
44555
344
587
345
1690
1394
4993
2959
1387
4499
111188 42 10 9
1580 2
1387 5
4543 4
316 2
1378 4
3638 3
899 4
3682 3
21 3
16 5
1213 5
3176 5
4995 3
490 5
2294 2
111 4
3543 4
350 5
2639 4
4638 2
2436 3
344 2
2105 1
2028 5
1267 4
1619 5
1834 5
832 2
2433 3
539 2
303 1
1997 3
2000 3
593 5
4226 4
11 3
3 2
858 5
2067 4
2652 4
1682 3
599 3
2012
590
141
3102
3210
5060
2302
1552
22
4808
111608 31 10 8
185 3
457 3
110 3
317 3
586 3
329 4
316 3
508 4
21 4
339 3
592 3
153 4
161 4
364 5
165 3
588 4
296 4
349 3
225 3
377 5
380 3
150 3
160 3
597 3
318 4
500 3
25 3
434 3
593 4
590 4
300 4
527
253
454
292
344
587
288
231
595
480
111728 12 10 6
111 5
153 4
266 5
329 3
316 3
595 5
349 3
364 4
296 3
588 3
339 3
150 4
593
592
253
457
161
318
590
317
380
300
114378 40 10 9
47099 4
344 3.5
4993 4.5
165 3
1672 4
8961 3.5
1580 3
2959 4.5
3035 5
260 4
909 4.5
6934 3.5
49530 4
2993 4
1262 3.5
43871 3.5
1267 4.5
3469 5
32029 4
58559 5
4995 4.5
293 3.5
3578 5
45722 3.5
597 3
296 4.5
33660 5
1393 4
1950 4.5
316 3
4973 3.5
2764 4
3635 4
4857 3.5
2762 4.5
2890 4.5
44191 5
954 3
457 4.5
911 5
46578
750
48780
480
2989
2268
8665
50794
648
1721
115828 88 10 9
1633 4
1721 5
161 3
1620 3
224 3
2861 2
265 4
1245 4
2433 3
105 4
2125 4
590 5
3418 5
159 3
1363 2
307 4
266 3
1213 4
345 4
1735 2
988 3
2291 4
16 4
82 3
1498 2
3125 3
21 4
388 4
2611 4
1682 4
534 4
1810 4
242 2
991 3
168 2
1840 2
1680 3
523 3
608 4
778 3
110 4
1643 4
260 2
1726 2
3160 3
331 3
11 4
858 5
1584 3
452 2
2289 4
2966 5
1701 3
1542 3
2890 3
1683 4
454 3
1051 4
838 4
2028 4
2166 3
1358 4
253 3
3101 3
1411 3
1393 4
1653 4
2621 3
1480 3
2154 2
527 4
3512 4
261 4
506 4
58 3
262 4
300 4
994 4
475 4
1727 2
697 3
318 5
2062 3
2297 2
2442 4
2023 4
272 4
1639 3
2059
205
1888
350
150
2546
580
613
2168
832
119338 17 10 7
5816 3.5
4886 2.5
62999 2.5
8368 3.5
586 2.5
42738 4.5
588 3
53121 3
45722 3.5
8643 4
54001 3.5
40815 3.5
8965 3.5
597 3.5
47122 4
50601 4
55872 3.5
61348
2014
42732
54276
4896
46972
3114
64032
47518
7345
120498 2 10 8
2789 3.5
4993 5
502
2455
2501
256
2105
58559
1779
170
8810
4226
123748 8 10 9
2019 2
168 3
608 4
196 0.5
1375 4
2001 3.5
2002 3.5
4993 4.5
912
2657
236
158
2959
1676
783
858
1777
58559
127758 70 10 5
6591 4
4993 4
1266 3.5
2010 5
111 3.5
2699 2
1947 3
4643 3
1907 3
1732 4
2078 4
2355 3
5618 4.5
4886 4
588 3.5
3578 3
457 3
2959 3.5
4226 3
1391 3.5
1580 3.5
6 3
2099 3
1089 3
6947 4
1917 2
185 3
6934 2.5
3175 4
8961 4
3159 3.5
1249 4
1912 4
480 3
296 3
1882 2
648 3
541 5
924 4.5
8810 1.5
16 3
2762 3.5
595 3.5
1653 4
3981 2.5
2294 4
1573 2
5881 2
1380 2
6436 3
2080 3
6537 3
6003 4
778 3.5
198 3.5
2359 2.5
7090 4
2648 3
1584 3.5
2788 3.5
1280 4
318 3
232 4.5
2006 2
1909 2.5
1831 3
1722 3
3052 4
6461 4
1282 5
5060
4034
1127
2186
750
1676
1921
293
2232
2321
128298 19 10 5
750 4
296 4
1254 3.5
1089 4
954 4
1247 4.5
3469 4
1272 4
1283 4.5
541 4.5
1965 2
2160 3
913 4.5
260 4.5
8491 3.5
111 3.5
2288 4
1918 3
468 2.5
8961
608
593
1269
3088
1284
1250
1262
830
1253
130228 62 10 8
788 3
543 3
593 5
1284 5
838 5
1246 5
786 4
161 5
509 5
912 5
273 3
1073 3
1267 4
1391 4
141 5
590 5
780 4
17 5
260 5
1247 5
587 4
673 3
111 5
292 5
1265 5
661 3
513 3
1092 5
500 4
410 3
802 3
11 3
585 3
527 5
296 5
1370 3
12 3
628 4
765 3
480 5
858 4
316 4
778 4
107 3
135 1
1213 4
592 4
508 4
454 5
1405 3
342 4
153 4
784 3
1441 4
105 4
150 5
648 2
1127 4
920 5
231 4
3 2
1387 4
1377
14
104
62
380
110
457
5
597
539
130728 3 10 6
5618 5
4993 4
5971 4.5
97938
260
1396
2959
86190
58559
6615
318
145
8983
131268 33 10 6
4995 4
588 2.5
318 5
8341 4.5
780 4
45722 3.5
8961 3
1735 3.5
1059 3.5
2687 2.5
8983 4.5
1381 2
2642 2.5
377 3
4226 5
8014 5
4558 3
1961 4
2762 4
2959 4
8464 3
648 2.5
593 3.5
1641 3.5
296 4
6016 5
1544 2.5
1717 2.5
2046 4
4011 3.5
46578 3
3578 5
480 2.5
2028
4025
1556
4973
364
661
1259
1721
4993
30707
131858 6 10 5
593 5
296 5
4993 5
293 4.5
5618 5
1249 4.5
4011
58559
2115
3578
318
608
44191
98491
260
150
133198 54 10 6
41566 4
1374 2
2502 4
2105 3
593 1
1265 3.5
527 2
296 3
260 5
45186 4
43936 3
745 4.5
318 4.5
4886 4.5
1485 3.5
673 3
8984 2.5
1909 4
588 2.5
2115 4
541 5
8368 4.5
364 3.5
2002 4
7346 4
2470 4.5
924 3.5
8665 5
597 4
1371 4.5
500 3
1370 4.5
1918 4.5
344 4
68954 3.5
2001 3.5
1721 3
780 2.5
231 2
762 3.5
480 4
380 4
4226 5
81229 4
539 3
54001 4.5
4993 4.5
40815 4.5
8464 3
2000 4
3101 3.5
1580 4.5
377 4
1917 3.5
2028
457
150
2788
2762
648
6373
3063
165
8961
133338 44 10 8
780 3.5
364 4
40819 4.5
7451 4
1907 3.5
1682 5
2 4
1721 4.5
1645 4
2762 4
150 5
58559 5
480 4.5
3578 3.5
919 3.5
44191 5
68954 4
6593 4
84944 4
46578 4.5
2692 5
3179 4
3114 4.5
5995 5
594 5
5618 4.5
49530 4.5
47099 4.5
2294 4
111759 4
8873 3.5
508 4.5
539 3.5
96821 4.5
1917 3.5
1923 2
1393 4
97938 4
4973 4.5
266 4
2297 3.5
2011 5
103688 4
86332 4
1271
89904
4993
1059
265
2324
98491
1246
6016
4235
134918 2 10 7
830 3.5
1093 5
2124
24
1918
455
2605
1947
431
1479
193
531
135648 1 10 5
296 5
316
318
380
592
590
588
165
329
153
595
136258 8 10 6
1690 3.5
53953 4
2067 4.5
3578 5
4993 4
110 4.5
56801 1.5
2028 3.5
54001
1103
1717
256
3877
260
33166
8368
41571
532
141588 31 10 6
480 3.5
43460 2
1246 4
2 3
5971 3.5
1954 3.5
2003 3
593 4
2671 3.5
40815 4
4973 4
2324 4.5
2011 3
2470 3
4993 4.5
45722 3.5
659 4
1259 4.5
1282 4
2640 3.5
1370 3
587 3.5
273 3.5
780 2
161 4
377 3
2642 2.5
2455 3
540 3
3527 3.5
1090 3.5
2012
434
1092
1387
597
318
1499
293
3107
916
141748 17 10 5
318 4.5
4886 4
2006 1
236 4
1387 2.5
4993 3
293 4
2692 3
1580 2
253 1.5
1265 4
2617 2
18 4
590 4.5
858 4
231 1
1721 2
5618
2355
377
912
745
4973
8961
480
5608
1961
147558 38 10 5
160718 4.5
44974 3.5
2023 4
8961 4
2011 3.5
80219 3
1580 3.5
62999 3
1682 4.5
924 4.5
750 4
97938 4.5
8965 3
4973 4.5
54503 3.5
93855 4
780 1.5
5618 4
858 4.5
1284 4.5
53121 2.5
296 5
910 3.5
74458 4
4226 4.5
902 4.5
4993 2.5
2010 4
93840 4
551 4
541 4.5
2012 3
58559 5
2959 4.5
2355 3.5
70 3.5
1732 4.5
107406 2.5
260
32031
68954
1089
54272
44191
3114
2527
44022
4886
148488 9 10 9
924 1
58293 4
261 4.5
105 0.5
1367 3
1285 4
2302 1.5
53953 2.5
543 3
762
2699
8905
408
661
56949
53000
552
5
2890
148608 154 10 7
1687 2
296 4
272 4
4234 3
4816 5
1265 4
318 5
2046 4
2762 3
2291 5
2657 5
750 5
4701 4
442 2
1249 5
1923 3
1676 5
2640 3
4639 4
5064 4
628 4
319 5
522 4
1580 4
1779 1
1610 3
1584 1
377 3
185 2
1732 3
5065 3
405 1
2268 3
213 4
527 3
457 4
4344 4
4886 5
2297 3
2722 4
2428 1
1882 1
832 1
4978 5
21 4
4251 5
1653 5
2692 5
66 1
2605 2
1370 3
16 4
5816 4
2371 2
780 3
1997 5
4995 3
836 1
2012 4
3527 5
788 4
2436 2
20 1
1682 5
4896 4
111 5
223 2
1921 5
3081 2
2028 3
2232 4
3107 2
2001 1
1721 3
4011 4
198 5
4638 2
1573 2
2455 5
2528 5
95 2
173 2
344 4
3175 5
150 3
141 3
4034 4
1722 2
2959 5
5481 3
3176 5
196 1
3578 5
63 3
2966 5
4235 4
1554 5
1499 1
6 2
3698 5
4979 4
12 1
1089 5
2690 4
1589 2
480 3
1918 1
2002 1
2020 4
3476 5
4993 5
778 5
3082 4
3418 3
902 3
3173 3
327 4
3581 4
3593 1
512 2
4480 3
329 5
260 5
183 4
541 5
1909 4
1884 5
2769 4
1393 2
4226 4
2117 4
2527 5
2108 4
910 3
1127 4
1590 5
5876 4
1635 5
3638 4
253 4
924 5
2701 3
4643 3
1396 5
2699 4
2105 5
1391 5
608 5
2011 4
1639 1
1245 3
2021 5
316 3
597 2
345
364
593
3981
4973
1645
3053
2294
2617
1831
151098 124 10 6
198 3
1252 4
2094 4
1408 3
1590 3
2028 5
161 3
1573 4
1488 3
349 4
288 3
1779 3
1480 2
2097 4
3016 2
480 5
647 4
586 3
457 5
1250 4
1272 4
1580 4
1645 5
5060 5
2003 3
1644 3
2617 4
2654 4
880 3
1396 4
2012 2
1213 5
1997 5
293 5
1717 4
1374 3
913 5
924 5
330 2
1729 4
1970 2
2058 4
185 4
379 3
1382 2
541 5
1387 5
380 4
6 3
2115 5
1608 3
1370 4
1586 4
1127 3
590 4
2023 4
800 5
849 3
1653 3
504 4
1917 3
2268 5
111 4
110 5
1921 3
95 4
2019 5
2363 3
165 4
1690 4
1249 4
2288 5
292 4
1909 5
253 4
2517 3
968 4
1090 4
1089 4
1994 4
296 5
858 5
3033 4
593 5
1945 4
1954 4
912 5
1429 3
2789 3
112 4
3107 5
694 2
1093 3
527 5
2000 4
3019 3
329 4
2657 3
1259 4
260 5
750 5
919 4
786 3
879 4
608 4
2648 5
592 4
1049 4
3104 5
21 4
2528 3
407 4
2433 4
2013 3
1584 4
2118 4
2001 3
2640 3
163 3
648 5
780 3
2699 3
1597 3
2455 4
332
2605
1260
1391
1544
1073
377
1616
204
839
152978 6 10 5
1367 3
5 3
783 4
140 4
673 4
648 3
141
12
788
784
66
802
778
780
17
260
155388 48 10 6
318 4
381 3
1955 4
1485 3
215 4.5
6016 4.5
33166 4.5
339 2.5
590 4
2671 3
4973 4
551 4.5
3176 4
1246 4
1586 1.5
236 2.5
588 2
1059 3
1961 3
1608 1.5
552 2.5
1380 4
509 4
500 2
383 2
527 4.5
1721 2.5
3083 4.5
260 2
508 3
1247 4
920 4
480 1.5
4993 4.5
780 1.5
595 3
110 3
63876 4
288 2.5
4995 4
344 1.5
1259 2.5
597 3.5
539 2.5
1639 4
2028 4
296 4
231 2.5
8128
261
3418
1641
145
141
1393
364
3578
377
158188 53 10 9
1580 5
8874 4
1653 4.5
1127 5
587 4
6537 3.5
1682 5
778 5
2028 3
260 4
41566 3
1690 4.5
3489 5
364 5
1391 5
3578 5
86332 3
293 4.5
42738 4
588 4
2021 4
1909 4
316 4.5
3081 5
6934 3
6264 3
434 4.5
2428 4
150 4
4993 5
31696 3.5
37380 3.5
5881 4
111759 4.5
74458 5
97938 5
4973 3
2 5
2959 4
1997 5
480 5
318 5
780 3.5
5995 5
1917 3
7454 3.5
4886 5
72308 4
70 5
6373 2.5
2012 5
1676 4
2232 5
1590
2762
2193
77561
1584
44191
53000
1090
527
593
161908 11 10 8
457 5
350 4
296 3
500 4
648 4
597 4
185 3
339 4
480 4
527 5
165 4
788
440
454
160
150
225
329
266
317
410
162388 51 10 7
1653 4
27706 5
30793 5
2355 3.5
497 5
4993 4.5
543 4.5
457 4
168 1.5
4734 2
1562 2
2268 3.5
3081 4
1680 3.5
7090 5
8366 5
5816 3.5
2959 4
8368 3.5
4499 2.5
4011 5
553 5
3052 4
2699 0.5
1580 3.5
110 3.5
1610 4.5
318 5
2321 4
163 5
8665 3
4857 4.5
186 2.5
2295 4
180 3.5
551 3.5
3175 4
3578 4
2115 4
595 3.5
3479 4
8961 4.5
2502 4
1265 3.5
914 3
2359 3
592 3
112 4.5
1441 4.5
1967 2.5
236 4
8970
1907
899
2617
4226
1381
858
260
41566
253
162628 97 10 9
89774 3
31410 4.5
2009 3.5
1610 3.5
46976 5
293 5
30810 5
6947 3.5
8464 3.5
2324 5
8914 4
48385 5
8873 5
1682 5
1393 3
58559 5
778 4.5
1619 4.5
111 4.5
750 5
6934 4.5
26614 5
4011 4.5
47610 5
2335 2.5
6440 3.5
33725 5
84152 4.5
1653 4.5
6537 4
1391 2.5
260 4.5
31685 4.5
4979 4.5
1584 4
2067 4.5
1961 5
780 4
48780 5
648 2
63876 4.5
1090 5
4974 3
31696 1.5
2010 4
55765 3.5
8371 4.5
3578 4.5
6016 5
36529 5
4816 3.5
471 4
44555 5
344 0.5
46578 3.5
1089 4.5
85414 5
2959 5
58293 1.5
4993 3.5
4995 3.5
1732 4.5
1873 4.5
858 5
3160 5
4344 2.5
2692 4
296 5
45722 3
2028 4.5
67255 4.5
4896 3
508 5
1859 3.5
2890 4.5
4226 5
54503 5
8961 1
4975 5
590 5
5902 4
150 3
2788 4.5
586 3
231 3
74458 4.5
1673 5
8874 5
8665 4.5
4857 3.5
44191 5
74545 5
1676 0.5
2502 4.5
2657 4
5481 3.5
27904 4.5
441
1580
6373
541
89904
51540
318
364
480
924
164198 824 10 5
5516 3.5
949 3.5
3701 3.5
2349 4
1945 3.5
33166 4
2442 3.5
627 3
671 3
4480 2.5
1959 3.5
4993 4
7840 4
533 3.5
2313 4
5483 4
4816 3.5
5816 3.5
1252 5
1810 4
6466 4
475 4
85788 4.5
1624 3.5
8866 3
1488 3.5
2639 3.5
2100 3
1483 4
492 4
266 4
521 3
183 4
2699 3
910 3
117 3
240 3.5
168 3.5
74545 4
5279 4
6593 3.5
6970 3
4639 2.5
47610 2.5
1162 3.5
1616 3.5
1648 3.5
132 3
918 4
40815 4.5
4921 3.5
54001 5
1923 3.5
44191 3.5
3093 3
923 3.5
4956 4
947 4
1440 3.5
195 3.5
4338 3.5
640 2.5
3074 3.5
3040 3
2202 4
2043 3
928 5
2059 3.5
1620 3.5
85394 5
314 3.5
141 3.5
4808 3
2989 3.5
18 3
6977 3.5
3082 3
103 3.5
5062 4
6934 2.5
5693 3
2 3
1380 3
593 5
3104 4
31427 2.5
2110 3.5
457 4
3527 3.5
1088 3.5
4932 3.5
51540 4
2657 4
2193 3
1244 4
1587 3
1381 2.5
65642 4
74458 4
3682 3.5
8266 3
905 5
2687 3.5
500 3.5
3554 3.5
281 4.5
1090 4
968 4
452 3.5
5065 4
28 4.5
26111 3.5
8874 4
2966 4
1414 4
55 3.5
549 3
1696 3.5
2791 3.5
154 3.5
1610 3.5
56171 3.5
541 5
222 3.5
3111 4
1594 3
3063 2.5
1283 3.5
902 3.5
2253 2.5
16 3.5
488 3
465 3.5
1645 3.5
866 4
6538 3.5
2611 4.5
1073 3
39183 4
2075 4
3937 3
3512 4
2302 3.5
527 4.5
205 3.5
3087 3
5991 3
8981 3
3476 4
7007 3.5
6950 4
26712 4
956 3.5
948 3.5
159 3.5
2288 4
1913 4
2789 3.5
464 3
2929 4
7454 2.5
1552 3.5
2841 4
8008 2.5
6947 4.5
594 3
2642 2.5
2045 3.5
1964 4
331 3.5
4479 3
339 3.5
1573 3.5
858 5
562 3
26398 2.5
1717 3.5
81 3.5
2539 3.5
932 3.5
4880 3.5
912 4
934 3
3556 3.5
1422 3.5
803 4
5747 4
553 4
2269 3
3536 4
2648 4
1103 3.5
2241 3
6078 3.5
4034 4
249 3.5
955 3.5
481 3.5
377 4
534 3.5
2470 3
3109 3
4705 3.5
927 3.5
4643 3.5
71 3
5881 3
25 2
1127 4
38061 3.5
662 3
3081 4
85414 4
273 3.5
615 3.5
4443 3.5
1958 4
211 4
1279 3
95 3.5
4680 3
497 3.5
4710 3.5
2144 3.5
8998 4.5
299 3.5
44974 3.5
2112 3.5
7983 3
288 4
1940 4
4495 4
44555 4
54732 3.5
1213 5
953 4.5
2287 3.5
1882 3
2014 3
479 3
490 4
43871 3
153 3
8340 3.5
2088 3
1608 3.5
5956 3
1779 3
4478 3.5
441 3.5
54503 4
597 3
4024 4
2898 3
6591 3.5
2640 3.5
6974 4
3062 3
565 3
1884 4
194 3.5
1260 3.5
2749 3.5
2109 2
551 3.5
257 3.5
613 4
2454 3
79 3.5
289 3.5
4543 3.5
1963 4
898 4
121 3.5
89492 4.5
4975 3
1641 3.5
3075 3
7348 3.5
379 3.5
3175 4
31696 4
4599 3
919 4.5
86 3
6187 3
2165 3
162 4
4437 3.5
7008 3
3101 4
2900 2.5
1584 3.5
101 4
531 4
1917 3
292 3.5
2024 3
1272 4
14 3.5
1092 4
799 4
1937 3.5
4482 3
265 3
1690 3
1269 3.5
144 3.5
1278 4
229 4
1268 3
2890 4
2074 3
2428 3.5
1735 3
1259 3.5
1654 4
6936 4
6978 3.5
4523 3.5
39231 3
3088 3.5
2003 3
70 3.5
4798 4
554 3.5
4628 3.5
2000 4
259 3.5
4486 3.5
1285 4
6620 3.5
100 3.5
3480 4
6957 3
2654 4
991 3.5
8512 3
714 3
535 3.5
279 4
4885 3
1246 3.5
49961 3.5
225 3
247 3.5
3576 3.5
3683 4.5
943 4
4174 3.5
2927 4
26350 3.5
1966 4
1968 3.5
3060 4
26386 3
11 4
1361 4
2020 4
4546 3.5
1792 3.5
1393 3.5
1089 4.5
2502 4
332 3
150 4
345 3.5
458 4
2001 4
3077 5
879 3
1694 4
2239 3.5
277 3.5
4234 3.5
1284 5
3176 3.5
1635 4
1956 4.5
1661 3
63876 4.5
4995 4
5544 4
261 5
1892 3.5
8011 4
2013 3
802 4
5995 4
4326 3.5
207 3
532 3
53000 3.5
1544 3
204 3
916 3.5
2455 4
2297 3.5
40959 3.5
913 5
2334 4
1249 3.5
4488 3
2176 3
1683 4
3526 3.5
508 4
914 3.5
280 3.5
262 4
165 3
4232 3
2312 3.5
3061 3.5
428 4
540 2.5
3055 3.5
800 4.5
3173 3.5
6 4
1957 4
3052 3.5
294 3
2114 3.5
2204 4
2085 3.5
1580 4
4593 3.5
320 3
2002 3.5
41569 3.5
922 4
1253 5
60760 3.5
1912 4
1950 4
926 5
7451 3.5
4886 3.5
9005 3.5
1942 3.5
708 3.5
1732 5
5434 3.5
5060 3.5
254 3.5
318 4.5
4889 3
315 3
1245 5
1833 3.5
8366 3.5
24 3.5
2111 3.5
3426 3.5
54276 3
1093 3.5
931 4
37727 3.5
505 3
4226 4
650 3.5
8923 4
52458 3.5
8368 4
5139 4
55765 4
1791 3
8831 3.5
4912 3.5
233 4
2433 3.5
5528 3.5
4979 5
1387 5
992 3
46578 3.5
2762 4
3102 3.5
911 3.5
2064 4
494 3.5
2779 3.5
480 3.5
1647 3.5
2290 3.5
780 3
851 4
50658 4.5
544 3.5
648 4
3125 3.5
84847 3.5
647 3.5
7090 4
3090 5
1965 3.5
929 4.5
1954 3.5
186 3
2006 3.5
4978 3.5
2118 4
1719 4
1407 3.5
56339 3.5
440 3.5
2616 3
1396 4
6552 4
69784 3.5
2395 4
1413 3
3543 4
638 3.5
8665 4.5
504 3
3981 3
89 3.5
838 4.5
2891 3.5
26242 4
994 3.5
4498 3.5
111 4
423 3.5
53953 3.5
31162 3.5
35 4
2160 4
3635 3.5
499 3.5
8914 4
2107 3
2058 3.5
4291 3.5
338 3.5
965 5
4344 3.5
426 3.5
1944 3.5
2757 3
1682 4
3698 3.5
4578 3
2959 4
2612 3.5
8094 4
296 4
2212 4
8966 3.5
1885 4
599 3.5
707 3.5
47423 3.5
1417 3.5
80094 4
48780 5
252 3
509 4.5
3980 3.5
3019 3.5
8810 3
1358 4
148 3
1247 4
3578 4
4517 4.5
3529 3.5
5994 3.5
1408 4
185 3
1114 3.5
1049 3.5
1909 4
335 3.5
92 3.5
909 4
316 3.5
68954 4
271 3.5
1480 4
4701 3.5
7347 3.5
2289 4
1678 4
1841 4
5902 4
8879 4
766 3.5
1391 3.5
2463 4
1785 4
5876 3.5
2594 3.5
48385 4
1961 3.5
329 3.5
6478 3.5
253 4
2262 3.5
13 3.5
2300 2.5
804 3.5
750 5
21 4
1639 4
8970 3.5
8838 4
786 3.5
4419 3.5
1597 3.5
4992 3
1248 3.5
5548 3
30810 4
1615 3
760 3
86190 4
1939 5
903 4
4928 4
2333 3.5
581 3.5
778 4
4464 4
2028 4.5
380 3
2186 4
3114 3.5
218 3.5
236 3.5
3423 3
1673 4
2750 3
2690 4
161 4
40819 3.5
1366 4
1951 4
3160 4.5
42418 3.5
1835 3
3591 3
25927 4
160 3
1377 3
58559 5
1394 5
7091 4
1389 2
158 3
40629 3.5
2324 3
3478 3
319 4
1267 3
45186 3.5
3168 3.5
6639 3.5
944 4
303 3.5
196 3.5
1280 5
950 5
920 4
1266 4.5
836 3.5
2617 3
410 3.5
22 3.5
3598 4.5
1845 4
3699 3.5
293 3.5
4723 4
235 4
2722 3
347 3
80831 4
921 3.5
26 3.5
951 3.5
5707 4
26614 5
767 3.5
3469 4
1831 2.5
917 4
45662 3.5
145 3.5
954 3.5
198 3.5
454 4
2124 3.5
8128 4
85 3.5
1997 4
77866 3
1991 2.5
110 3.5
224 3
482 3.5
2104 4
608 4
2928 3
4641 4
924 3.5
5481 3
1672 3.5
5680 3
471 3
5177 3.5
30846 3
1834 3.5
122 3
300 4
2788 4
3107 3.5
2517 3
3079 4
26425 4
2973 3.5
6440 3.5
4709 3
1727 3
592 3.5
5122 3.5
53121 3.5
81229 3.5
39400 3
1660 4.5
1680 3.5
1686 3
422 3.5
51935 3.5
434 3.5
35957 3.5
2348 3
628 4.5
7980 2.5
1994 4.5
5237 3
1729 3
1265 4
246 4
1896 3
350 3.5
4148 3
1999 3.5
2988 4
798 3
4296 3
2761 3.5
3763 3.5
1411 4.5
4857 3.5
3638 3.5
1907 3.5
1590 2.5
306 3.5
537 3.5
1921 4
2565 3.5
53129 3.5
1836 4
2291 3.5
942 4
1643 5
4518 3.5
260 2
8983 3.5
46948 3.5
2023 3.5
30707 3.5
2662 3.5
4786 3.5
574 4
1124 3.5
1633 3.5
3418 4
78 4.5
8961 4
152 3.5
178 3
1262 4.5
892 4
3547 3.5
1689 3
40955 3.5
7305 4
832 4
5172 3
67087 4
3686 3.5
1541 3
2115 2.5
86295 3.5
805 3.5
3072 4
2267 3.5
1589 3.5
2268 4
761 3
5241 3
1653 3.5
272 4
964 4
4896 3.5
1271 3.5
1479 3
34528 4
17 5
1955 4
899 3
176 3.5
1721 3.5
2734 3.5
164 4
1936 3.5
2912 4
539 3.5
1949 5
27317 2.5
4823
506
1370
307
26422
52767
4809
37720
1441
2263
170168 11 10 7
1732 3.5
7090 3
3527 4
277 4
6003 3.5
2028 4
145 3
3176 2
380 4
497 3
177 1
3101
3052
4993
2171
5956
2455
1580
4226
1089
1641
176638 22 10 5
3072 5
2762 5
784 5
2093 5
1127 5
3004 3
2574 4
2841 4
24 4
2355 5
968 3
2959 5
910 4
902 4
1911 5
4639 5
2605 3
4638 3
3578 5
3160 4
1623 4
2699 4
3981
3053
2722
3081
3114
2428
2694
3593
2701
3176
183988 139 10 9
59126 4
2959 4
2122 5
46578 2
94959 4.5
380 3
104211 5
59429 3.5
1967 4.5
56949 3.5
2692 4
43396 4.5
71520 4.5
45722 3
59421 4
1407 3
46335 3
5955 3.5
6187 5
1777 4
4995 5
1721 5
215 4
4235 5
96821 4.5
231 4.5
6535 1
68954 5
81782 3.5
3160 4.5
4025 3
6373 4
4226 2.5
58559 4.5
18 5
48780 4.5
480 4
130452 3
70 4
71668 3.5
344 4
1835 5
1259 5
116977 1
1485 4.5
58306 4.5
44555 5
293 5
111443 4.5
1580 4
104374 4.5
339 4.5
49530 4.5
67255 5
30793 5
2791 3
586 4
2151 3.5
2054 1
135 2
1644 4
74510 5
593 4.5
84601 4.5
85414 4
858 4
6 4
4232 1
4369 4.5
742 5
788 3.5
158238 4.5
377 3.5
2539 5
2359 4
7346 3.5
45928 4.5
3168 3
110 5
5956 5
2762 4
2722 3
8981 4.5
3114 3.5
84273 5
912 4
33166 5
163 4
5620 3.5
27338 4.5
55245 4
541 3
4993 3.5
50189 2.5
3980 5
8984 4
87194 5
2291 5
8464 4.5
44974 4.5
62439 3.5
1732 4.5
1249 3.5
4203 4.5
1370 3
7347 4
74458 4
3052 3.5
4011 5
296 5
2335 2
1556 2
608 3.5
2787 5
253 4
67087 4.5
58376 5
836 2
2516 2
1680 4.5
47610 5
3177 2.5
8961 3.5
318 5
74946 3.5
85367 4
6016 5
527 4
1252 5
2617 4
8665 4
86190 4
4728 4.5
2502 4
1682 5
71282 4.5
4639 3.5
2 3
48385 1
27674
1552
54272
4973
47099
1265
2694
1092
6957
784
186758 63 10 7
8961 3.5
40815 3
165 4
2640 2.5
1089 3.5
4011 2.5
2028 3.5
2011 2.5
3114 2.5
1917 3
2020 3.5
1968 2.5
339 1.5
1250 3
380 3.5
150 3.5
327 0.5
588 3
457 4.5
1641 3
480 2
648 2.5
292 4.5
1093 2
231 4
253 3
434 3
318 4.5
30707 3
539 2.5
1573 0.5
903 3.5
1580 2.5
500 0.5
30793 3
4896 3
3578 3.5
296 4.5
595 2
2762 3
4034 1.5
1393 2.5
858 5
2605 3.5
4226 4
2115 2
1262 3.5
597 1
1961 3.5
95 0.5
2959 5
5816 3.5
1265 4
592 3
593 4
21 1
344 3.5
1721 0.5
1965 0.5
4327 3
377 3.5
2791 4.5
2012 3
587
527
153
1213
780
431
185
1682
260
1073
204888 3 10 9
58 5
165 3
509 4
593
364
665
257
296
163
468
161
590
339
205948 1 10 9
1250 4
480
2640
2959
2605
1831
648
1093
2791
2694
223
213238 1 10 8
1779 3.5
2001
2959
170
2990
1253
4993
2912
58559
1479
3635
214018 23 10 5
899 5
3578 3
1262 4
1252 4
953 5
16 4
89492 0.5
608 4.5
296 4
593 4
4995 4
2019 4
4993 2
8961 5
1213 5
527 4.5
745 4.5
750 5
903 5
4226 1
1250 4
1945 4.5
924 5
923
88744
1260
44555
111
541
858
318
2160
912
220798 4 10 7
508 4
410 3
2762 3.5
786 0.5
708
1213
4993
750
3
337
3114
1917
19
2012
223358 202 10 8
31952 5
1266 4.5
4344 3
628 3.5
1945 4.5
246 4.5
2722 2.5
31804 4.5
457 3.5
4326 3.5
3060 4.5
32596 3
2657 2
2959 4.5
101 5
46578 4
2502 4.5
2302 3.5
344 2
4011 4
1268 3.5
1394 4
8874 4.5
1374 3
25 3.5
5995 4
3593 2
1250 4
231 3.5
1387 4
266 4
5956 4
593 4
30810 4
1682 3.5
1259 4
377 3.5
2761 4
161 4
4105 4
1262 3.5
2324 4.5
168 2
1372 3
1252 5
3527 3
47423 4
2617 3.5
4499 3.5
4887 2
153 2
8984 4
5678 3
1580 3
2395 4.5
8464 4.5
6620 4.5
551 5
8371 3.5
586 3
1676 3
592 3
2728 4
1090 4
30707 5
924 4
3030 4.5
364 2
2046 3
260 5
595 3
4327 4
4995 3.5
7454 3.5
141 3.5
3981 3.5
27904 4
475 4
1721 1
3114 3.5
1912 3.5
898 5
4553 2
3081 4
4034 4.5
778 5
1370 3.5
5881 4
553 5
5608 3.5
70 4
410 2
2890 4
1831 2.5
44191 4.5
912 4.5
21 1.5
44974 3.5
1396 3.5
3022 5
223 4
780 3
442 3
919 3.5
349 3
3578 4
913 5
1257 4
48780 4
2000 3.5
6934 3.5
36529 3.5
788 1.5
5060 4
1590 3.5
2011 3
1254 4
6947 3.5
6615 0.5
647 4
1917 3
2291 4
165 3.5
1921 4
1127 4
46976 4.5
6264 1
1610 4
296 3.5
1653 3.5
1408 4.5
2009 2
1923 2.5
3052 4
1573 3
541 4.5
2004 3
2355 3.5
104 3.5
671 4
19 1
110 4.5
608 3.5
1950 4.5
500 2
4993 4.5
543 2.5
253 2
4979 5
111 3.5
1265 3
318 4.5
6537 4
3160 4
2692 5
150 4.5
3210 2
292 3.5
1732 5
27618 1.5
5876 4.5
8961 4.5
588 3.5
8810 3.5
6 5
293 4.5
48856 4
2699 2.5
47610 4
2762 3.5
4226 5
45186 3
2012 3.5
745 4
2335 3
480 3
8968 1
4734 4
597 2
6003 1
1278 5
2028 4.5
8665 3.5
41863 4
1089 4.5
1961 4
7445 4
7090 3.5
1639 3.5
160 2
4643 1.5
3034 5
1073 3.5
180 3.5
95 3
329 3.5
316 3
4886 4.5
648 3
5902 4
1246 4
62 3.5
899
590
5065
40959
3178
39183
2501
380
1895
5064
223578 16 10 6
500 0.5
587 3
46578 5
2115 4
339 4
597 3
1682 5
2762 3
377 1.5
68954 4
2001 2
527 4
231 0.5
1265 5
40629 5
96821 4
592
1721
165
2324
593
648
780
2002
318
31685
234488 6 10 8
1091 3
5902 4
608 4.5
3210 4.5
2912 2
1732 4.5
2791
2109
46578
1416
1257
296
778
750
1965
2502
237268 34 10 8
1682 3.5
111759 4
86190 1
4553 4
1249 5
527 4
84954 4
2115 2
480 4
832 4
293 5
349 4
1259 5
110 4
4993 4
1247 3.5
1732 4.5
3527 4
380 4
541 5
260 4
4979 1
750 5
593 4
588 4
1608 4
457 4
150 5
7980 4
1285 4
377 4
318 5
1262 5
1721 4
4889
8874
296
165
2108
115210
2028
1573
1641
8961
240698 21 10 9
541 5
1584 3
2959 4
3033 4
1372 2
4993 3
1252 5
941 3
480 1
1580 2
1921 3
780 1
674 1
1371 3
913 4
260 3
2094 2
592 4
2021 3
4643 2
316 2
912
2528
4896
750
1721
2692
2010
2105
1633
2640
246388 9 10 8
253 3
590 4
434 2
318 5
153 2
380 3
593 4
329 3
300 3
296
457
410
588
595
231
292
344
316
592
247718 2 10 6
2959 5
4993 4.5
6016
1644
8961
4226
2762
48943
4011
49530
531
58559
248148 81 10 9
616 5
595 5
588 3
11 5
801 3
300 3
140 4
74 4
531 5
316 5
364 5
95 3
539 5
160 3
252 3
186 5
647 4
524 5
2 5
381 3
26 2
586 2
410 3
802 5
585 3
172 2
277 5
168 5
553 5
832 4
25 3
110 3
238 3
597 3
201 4
86 3
62 5
158 4
455 4
271 3
241 4
161 5
203 2
590 4
552 3
596 4
480 4
237 3
262 4
222 3
594 5
500 4
261 4
497 5
534 5
780 5
13 3
185 4
508 3
587 3
289 4
339 5
653 3
457 5
350 4
527 3
246 4
17 5
105 4
150 5
377 3
454 4
551 1
648 5
24 3
207 4
783 4
349 5
276 2
329 4
256 4
805
317
378
468
383
440
337
266
5
236
251208 202 10 9
3591 2
588 5
8961 4.5
2105 3
1378 3
490 5
68954 5
1721 2
1834 2
1379 1
2779 3
303 4
2788 4
3033 4
1956 3
1246 4
3210 4
380 4
3526 3
4993 5
1994 3
3104 4
317 3
595 5
1213 3
2022 2
316 4
466 3
858 3
1480 2
1278 5
3638 3
832 4
3877 1
3527 4
2001 4
3763 4
2058 3
587 4
1552 2
2313 3
423 3
2259 3
2100 3
1374 4
1689 3
1961 3
593 4
1124 2
46578 4.5
3053 3
1653 3
1912 3
553 5
2054 3
2294 4
2761 4
435 1
2355 5
1595 2
1259 4
1967 4
2455 2
3699 3
924 4
3396 2
1965 4
2371 4
2990 4
541 5
1566 5
1285 2
709 3
480 5
21 5
2791 4
2111 4
2 5
2268 4
2012 3
1408 3
2262 5
1597 4
296 3
1772 3
592 4
329 3
2527 4
3175 4
1387 4
1391 3
1845 3
1125 5
165 3
2699 3
2193 5
318 3
3489 3
1608 4
3087 3
3114 4
377 3
2109 4
1381 1
1370 4
3698 3
364 5
2161 4
1690 3
2528 3
3682 3
454 4
608 5
1968 2
2457 3
3072 3
2115 4
2617 4
2640 3
788 3
1371 4
673 3
1380 2
1661 3
1610 4
2020 3
2134 2
457 4
1627 4
8874 4
1252 3
524 3
849 1
2657 5
1587 3
350 4
1954 2
1959 3
1088 2
292 2
1090 3
1580 5
1615 4
3529 3
79 3
2143 3
16 4
1049 4
110 4
383 5
3037 2
2133 2
2011 2
5060 4
25 3
405 3
84152 4.5
2003 3
1702 3
1265 3
349 4
1544 4
3040 3
2000 5
3479 5
4886 4.5
2094 3
163 3
2469 2
2110 3
161 3
1372 3
1732 5
590 5
1676 3
1127 4
3635 3
6 4
1783 4
1092 4
1073 3
3101 4
1394 5
1272 4
48780 4.5
2470 4
2752 3
2687 5
1589 2
3543 2
1917 3
1619 3
2288 2
2005 2
3082 3
2019 4
1792 3
1848 3
3074 4
1779 4
1376 4
1957 3
1422
260
1375
2021
2502
1833
780
1249
2463
1377
251338 12 10 7
858 5
318 5
260 4
296 5
551 4
2959 5
4226 4.5
923 5
4643 4
26587 5
1092 3
4993 5
44555
58559
2539
527
4973
2699
750
163
593
673
254298 3 10 5
5 3
95 4
494 5
786
25
3
648
260
62
608
1073
17
780
255438 97 10 6
1968 4
2355 4
2141 5
3072 2
709 1
616 3
2005 1
2142 5
2017 3
3040 1
2926 1
146 3
231 2
241 1
141 4
2144 3
2080 4
673 1
5 5
1269 4
2463 1
2015 5
2078 5
317 4
919 4
2470 3
2087 4
2139 1
2687 3
111 1
1947 4
3034 5
437 3
2095 4
2124 1
500 3
2294 1
1777 1
1441 4
471 1
2134 1
1405 1
2033 1
414 2
2028 5
237 5
661 5
688 3
1688 1
754 1
2253 4
2566 1
1282 2
1126 5
2085 4
2018 5
2539 1
1091 4
539 4
344 1
2111 3
313 3
783 1
1566 1
2657 1
1967 2
429 1
2699 2
1394 3
595 2
3114 1
2003 1
3033 1
2133 3
440 3
3088 1
435 1
107 1
588 1
711 1
955 5
380 2
364 1
596 5
13 5
2312 2
2064 2
1367 1
1285 1
260 3
3035 4
1023 5
3087 4
1713 1
1641 1
593 1
2100 1
2899
2123
1665
1278
586
2302
1920
1073
2110
2140
256308 75 10 8
185 1
2383 2
1676 3
1407 4
2289 5
11 3
2058 2
1127 3
1732 4
1372 3
1479 2
457 4
380 4
1909 3
2252 4
1562 1
1779 4
223 5
2028 3
2000 3
2302 4
1584 5
849 3
150 4
288 4
145 3
141 3
671 5
494 5
1912 5
541 5
1370 4
2001 3
110 5
21 4
379 3
170 1
750 5
2023 3
377 5
1792 2
1597 1
1722 4
196 2
1544 2
1552 1
1373 1
708 2
6 5
2295 4
1375 2
471 5
1265 4
1608 2
2006 3
316 4
2321 4
2064 5
435 1
1089 5
1882 1
1917 1
440 4
292 4
628 3
160 1
780 1
1580 2
588 4
1721 3
2012 3
1573 3
648 4
2011 3
165 3
1717
104
63
1923
627
480
924
329
22
1396
257378 30 10 9
81537 3
2959 5
4011 5
54503 4
74458 5
53318 4
86190 4.5
318 5
8368 4.5
4973 4
7445 4.5
50794 5
38061 5
51540 4
37731 4.5
47610 4.5
4993 5
33166 4.5
47200 4
55765 5
8874 4
4226 5
36529 5
93855 5
48780 4.5
96821 5
1089 5
84152 5
8665 4.5
48385 4
58559
86332
67255
4034
49530
97938
2028
77561
85414
56156
257688 34 10 7
784 5
1358 3.5
2692 1
4369 0.5
1917 0.5
2115 4.5
920 0.5
2124 2
1678 4
4734 3.5
2791 5
7450 3
2012 3.5
2019 1.5
16 3.5
6003 4
1268 2
1408 4.5
19 4
1610 4
318 4
593 4
1598 3.5
4643 3.5
204 0.5
494 2
2006 0.5
1246 5
832 1.5
1909 3.5
1644 3.5
1090 3.5
5686 0.5
1405 3
4993
290
1884
315
475
58
1359
590
4254
8810
260608 116 10 6
590 4.5
480 3.5
1921 4.5
30707 4.5
31410 5
344 3.5
4975 4
2605 4
1089 4.5
539 4
3418 4
5995 4.5
8464 4.5
8665 4
2006 4
588 4
1573 4
46578 4
527 4
1093 4
165 4
431 4.5
22 4
2115 4.5
1584 5
1721 4
173 2.5
1372 4
593 5
586 3.5
153 3.5
1370 4
253 4
410 4
587 4
16 4.5
2288 4.5
1690 4
4973 5
4993 5
780 3.5
3176 4
6934 4.5
3527 4
1909 4.5
2002 4
44555 4.5
1729 4
778 4.5
4011 5
541 4.5
1682 4
70 4
924 5
1375 4
1882 3.5
1374 4
2028 4
170 4
196 3.5
457 4.5
3578 4.5
597 4
306 4.5
1918 4
2001 4.5
6016 4.5
150 4.5
2023 4.5
3033 4
2003 4
608 4.5
377 3.5
44191 4
786 3.5
293 5
5816 4
364 4
1610 4.5
2701 3
2959 5
858 5
1090 4.5
1092 4
4896 4
1961 4.5
1923 4.5
292 4.5
40815 4
58559 4.5
2671 4
2324 5
1373 3.5
2000 4.5
296 5
79008 5
1653 4.5
1376 4
266 4
110 4.5
592 4
4995 4.5
260 4.5
648 3.5
2692 4
2502 4.5
1371 3.5
2762 4
1722 4
8368 4
1127 4.5
318 4.5
6537 4
1645 4
1994 4
329 4
288
1580
380
111
912
750
1387
1213
2124
1377
265288 98 10 6
2841 4
4896 4.5
3578 4
292 3
112 3
597 4.5
1393 5
2028 4.5
2791 3.5
316 4.5
595 4
4886 4.5
344 4.5
2355 4
95 4
364 4
434 4
1672 4
315 3.5
186 3.5
1954 4
2011 4
2161 4
590 4
110 4
1961 4.5
7445 3.5
339 3.5
3175 3
163 4.5
185 3.5
165 4
539 4
2640 3.5
4979 1
858 5
541 3.5
778 3
608 4
2268 5
1584 4.5
8665 3.5
1485 4
293 4.5
8368 4
4025 3
8908 3
1127 3
8961 4.5
380 4
2762 4.5
377 4
588 4.5
3178 4.5
150 4.5
4993 5
5816 4
2699 3.5
8884 4
2959 4
231 4
2193 4
912 4
3479 3.5
1387 4
457 4.5
1967 4
3160 3
153 3
2324 4
593 4.5
8810 3
628 4
832 4.5
1682 3
466 4
1580 4.5
2058 4
3527 4.5
527 4.5
2302 5
1089 2
4995 4.5
924 4
500 4.5
2321 4
32302 2
1923 4.5
296 4
648 4.5
2294 3
1721 4
2502 4
780 4
480 4.5
1396 2.5
1278 3.5
260 5
4105
1246
7348
1907
475
919
6
2115
592
318
267458 2 10 9
552 1.5
543 1
186
2321
1396
903
342
168
1673
315
158
1376
267488 12 10 9
4995 3.5
260 3
858 5
2028 3
4886 2
293 5
593 5
296 4
3578 3
150 3
4973 3
8961 4
4226
2959
6016
4011
58559
508
4896
4993
527
318
